21
cell0012   0.000000 0.000108 0.000152 0.000152 0.000152 0.000152 0.000152 0.000216 0.000426 0.000426 0.000426 0.000426 0.000425 0.000425 0.000425 0.004502 0.004502 0.004501 0.004502 0.004502 0.003376 
cell0018   0.000108 0.000000 0.000152 0.000152 0.000152 0.000152 0.000152 0.000216 0.000426 0.000426 0.000426 0.000426 0.000425 0.000425 0.000425 0.004502 0.004502 0.004501 0.004502 0.004502 0.003376 
cell0007   0.000152 0.000152 0.000000 0.000020 0.000026 0.000036 0.000072 0.000216 0.000426 0.000426 0.000426 0.000426 0.000425 0.000425 0.000425 0.004502 0.004502 0.004501 0.004502 0.004502 0.003376 
cell0004   0.000152 0.000152 0.000020 0.000000 0.000026 0.000036 0.000072 0.000216 0.000426 0.000426 0.000426 0.000426 0.000425 0.000425 0.000425 0.004502 0.004502 0.004501 0.004502 0.004502 0.003376 
cell0011   0.000152 0.000152 0.000026 0.000026 0.000000 0.000036 0.000072 0.000216 0.000426 0.000426 0.000426 0.000426 0.000425 0.000425 0.000425 0.004502 0.004502 0.004501 0.004502 0.004502 0.003376 
cell0001   0.000152 0.000152 0.000036 0.000036 0.000036 0.000000 0.000072 0.000216 0.000426 0.000426 0.000426 0.000426 0.000425 0.000425 0.000425 0.004502 0.004502 0.004501 0.004502 0.004502 0.003376 
cell0010   0.000152 0.000152 0.000072 0.000072 0.000072 0.000072 0.000000 0.000216 0.000426 0.000426 0.000426 0.000426 0.000425 0.000425 0.000425 0.004502 0.004502 0.004501 0.004502 0.004502 0.003376 
cell0008   0.000216 0.000216 0.000216 0.000216 0.000216 0.000216 0.000216 0.000000 0.000426 0.000426 0.000426 0.000426 0.000425 0.000425 0.000425 0.004502 0.004502 0.004501 0.004502 0.004502 0.003376 
cell0003   0.000426 0.000426 0.000426 0.000426 0.000426 0.000426 0.000426 0.000426 0.000000 0.000010 0.000090 0.000090 0.000259 0.000259 0.000259 0.004502 0.004502 0.004501 0.004502 0.004502 0.003376 
cell0015   0.000426 0.000426 0.000426 0.000426 0.000426 0.000426 0.000426 0.000426 0.000010 0.000000 0.000090 0.000090 0.000259 0.000259 0.000259 0.004502 0.004502 0.004501 0.004502 0.004502 0.003376 
cell0013   0.000426 0.000426 0.000426 0.000426 0.000426 0.000426 0.000426 0.000426 0.000090 0.000090 0.000000 0.000074 0.000259 0.000259 0.000259 0.004502 0.004502 0.004501 0.004502 0.004502 0.003376 
cell0014   0.000426 0.000426 0.000426 0.000426 0.000426 0.000426 0.000426 0.000426 0.000090 0.000090 0.000074 0.000000 0.000259 0.000259 0.000259 0.004502 0.004502 0.004501 0.004502 0.004502 0.003376 
cell0002   0.000425 0.000425 0.000425 0.000425 0.000425 0.000425 0.000425 0.000425 0.000259 0.000259 0.000259 0.000259 0.000000 0.000106 0.000208 0.004501 0.004501 0.004500 0.004501 0.004501 0.003375 
cell0009   0.000425 0.000425 0.000425 0.000425 0.000425 0.000425 0.000425 0.000425 0.000259 0.000259 0.000259 0.000259 0.000106 0.000000 0.000208 0.004501 0.004501 0.004500 0.004501 0.004501 0.003375 
cell0005   0.000425 0.000425 0.000425 0.000425 0.000425 0.000425 0.000425 0.000425 0.000259 0.000259 0.000259 0.000259 0.000208 0.000208 0.000000 0.004501 0.004501 0.004500 0.004501 0.004501 0.003375 
cell0016   0.004502 0.004502 0.004502 0.004502 0.004502 0.004502 0.004502 0.004502 0.004502 0.004502 0.004502 0.004502 0.004501 0.004501 0.004501 0.000000 0.000152 0.000473 0.000734 0.001876 0.003376 
cell0020   0.004502 0.004502 0.004502 0.004502 0.004502 0.004502 0.004502 0.004502 0.004502 0.004502 0.004502 0.004502 0.004501 0.004501 0.004501 0.000152 0.000000 0.000473 0.000734 0.001876 0.003376 
cell0017   0.004501 0.004501 0.004501 0.004501 0.004501 0.004501 0.004501 0.004501 0.004501 0.004501 0.004501 0.004501 0.004500 0.004500 0.004500 0.000473 0.000473 0.000000 0.000733 0.001875 0.003375 
cell0006   0.004502 0.004502 0.004502 0.004502 0.004502 0.004502 0.004502 0.004502 0.004502 0.004502 0.004502 0.004502 0.004501 0.004501 0.004501 0.000734 0.000734 0.000733 0.000000 0.001876 0.003376 
cell0019   0.004502 0.004502 0.004502 0.004502 0.004502 0.004502 0.004502 0.004502 0.004502 0.004502 0.004502 0.004502 0.004501 0.004501 0.004501 0.001876 0.001876 0.001875 0.001876 0.000000 0.003376 
outgcell   0.003376 0.003376 0.003376 0.003376 0.003376 0.003376 0.003376 0.003376 0.003376 0.003376 0.003376 0.003376 0.003375 0.003375 0.003375 0.003376 0.003376 0.003375 0.003376 0.003376 0.000000 

21
cell0018   0.000000 0.000012 0.000258 0.000258 0.000258 0.000257 0.000555 0.000773 0.000773 0.000773 0.000773 0.000773 0.008496 0.008496 0.008496 0.008496 0.008496 0.008496 0.008496 0.008496 0.006373 
cell0009   0.000012 0.000000 0.000258 0.000258 0.000258 0.000257 0.000555 0.000773 0.000773 0.000773 0.000773 0.000773 0.008496 0.008496 0.008496 0.008496 0.008496 0.008496 0.008496 0.008496 0.006373 
cell0005   0.000258 0.000258 0.000000 0.000058 0.000110 0.000203 0.000555 0.000773 0.000773 0.000773 0.000773 0.000773 0.008496 0.008496 0.008496 0.008496 0.008496 0.008496 0.008496 0.008496 0.006373 
cell0008   0.000258 0.000258 0.000058 0.000000 0.000110 0.000203 0.000555 0.000773 0.000773 0.000773 0.000773 0.000773 0.008496 0.008496 0.008496 0.008496 0.008496 0.008496 0.008496 0.008496 0.006373 
cell0001   0.000258 0.000258 0.000110 0.000110 0.000000 0.000203 0.000555 0.000773 0.000773 0.000773 0.000773 0.000773 0.008496 0.008496 0.008496 0.008496 0.008496 0.008496 0.008496 0.008496 0.006373 
cell0007   0.000257 0.000257 0.000203 0.000203 0.000203 0.000000 0.000554 0.000772 0.000772 0.000772 0.000772 0.000772 0.008495 0.008495 0.008495 0.008495 0.008495 0.008495 0.008495 0.008495 0.006372 
cell0003   0.000555 0.000555 0.000555 0.000555 0.000555 0.000554 0.000000 0.000772 0.000772 0.000772 0.000772 0.000772 0.008495 0.008495 0.008495 0.008495 0.008495 0.008495 0.008495 0.008495 0.006372 
cell0017   0.000773 0.000773 0.000773 0.000773 0.000773 0.000772 0.000772 0.000000 0.000128 0.000290 0.000290 0.000290 0.008495 0.008495 0.008495 0.008495 0.008495 0.008495 0.008495 0.008495 0.006372 
cell0006   0.000773 0.000773 0.000773 0.000773 0.000773 0.000772 0.000772 0.000128 0.000000 0.000290 0.000290 0.000290 0.008495 0.008495 0.008495 0.008495 0.008495 0.008495 0.008495 0.008495 0.006372 
cell0019   0.000773 0.000773 0.000773 0.000773 0.000773 0.000772 0.000772 0.000290 0.000290 0.000000 0.000152 0.000212 0.008495 0.008495 0.008495 0.008495 0.008495 0.008495 0.008495 0.008495 0.006372 
cell0011   0.000773 0.000773 0.000773 0.000773 0.000773 0.000772 0.000772 0.000290 0.000290 0.000152 0.000000 0.000212 0.008495 0.008495 0.008495 0.008495 0.008495 0.008495 0.008495 0.008495 0.006372 
cell0010   0.000773 0.000773 0.000773 0.000773 0.000773 0.000772 0.000772 0.000290 0.000290 0.000212 0.000212 0.000000 0.008495 0.008495 0.008495 0.008495 0.008495 0.008495 0.008495 0.008495 0.006372 
cell0016   0.008496 0.008496 0.008496 0.008496 0.008496 0.008495 0.008495 0.008495 0.008495 0.008495 0.008495 0.008495 0.000000 0.000076 0.000288 0.000606 0.003310 0.003310 0.003310 0.003310 0.006371 
cell0013   0.008496 0.008496 0.008496 0.008496 0.008496 0.008495 0.008495 0.008495 0.008495 0.008495 0.008495 0.008495 0.000076 0.000000 0.000288 0.000606 0.003310 0.003310 0.003310 0.003310 0.006371 
cell0015   0.008496 0.008496 0.008496 0.008496 0.008496 0.008495 0.008495 0.008495 0.008495 0.008495 0.008495 0.008495 0.000288 0.000288 0.000000 0.000606 0.003310 0.003310 0.003310 0.003310 0.006371 
cell0004   0.008496 0.008496 0.008496 0.008496 0.008496 0.008495 0.008495 0.008495 0.008495 0.008495 0.008495 0.008495 0.000606 0.000606 0.000606 0.000000 0.003310 0.003310 0.003310 0.003310 0.006371 
cell0012   0.008496 0.008496 0.008496 0.008496 0.008496 0.008495 0.008495 0.008495 0.008495 0.008495 0.008495 0.008495 0.003310 0.003310 0.003310 0.003310 0.000000 0.000016 0.000242 0.001842 0.006371 
cell0002   0.008496 0.008496 0.008496 0.008496 0.008496 0.008495 0.008495 0.008495 0.008495 0.008495 0.008495 0.008495 0.003310 0.003310 0.003310 0.003310 0.000016 0.000000 0.000242 0.001842 0.006371 
cell0014   0.008496 0.008496 0.008496 0.008496 0.008496 0.008495 0.008495 0.008495 0.008495 0.008495 0.008495 0.008495 0.003310 0.003310 0.003310 0.003310 0.000242 0.000242 0.000000 0.001842 0.006371 
cell0020   0.008496 0.008496 0.008496 0.008496 0.008496 0.008495 0.008495 0.008495 0.008495 0.008495 0.008495 0.008495 0.003310 0.003310 0.003310 0.003310 0.001842 0.001842 0.001842 0.000000 0.006371 
outgcell   0.006373 0.006373 0.006373 0.006373 0.006373 0.006372 0.006372 0.006372 0.006372 0.006372 0.006372 0.006372 0.006371 0.006371 0.006371 0.006371 0.006371 0.006371 0.006371 0.006371 0.000000 

21
cell0002   0.000000 0.000032 0.000189 0.000250 0.000250 0.000250 0.000250 0.001247 0.001901 0.002504 0.002504 0.002505 0.002505 0.002506 0.002506 0.002506 0.002505 0.002505 0.002506 0.002505 0.001879 
cell0007   0.000032 0.000000 0.000189 0.000250 0.000250 0.000250 0.000250 0.001247 0.001901 0.002504 0.002504 0.002505 0.002505 0.002506 0.002506 0.002506 0.002505 0.002505 0.002506 0.002505 0.001879 
cell0009   0.000189 0.000189 0.000000 0.000249 0.000249 0.000249 0.000249 0.001246 0.001900 0.002503 0.002503 0.002504 0.002504 0.002505 0.002505 0.002505 0.002504 0.002504 0.002505 0.002504 0.001878 
cell0014   0.000250 0.000250 0.000249 0.000000 0.000020 0.000030 0.000090 0.001247 0.001901 0.002504 0.002504 0.002505 0.002505 0.002506 0.002506 0.002506 0.002505 0.002505 0.002506 0.002505 0.001879 
cell0015   0.000250 0.000250 0.000249 0.000020 0.000000 0.000030 0.000090 0.001247 0.001901 0.002504 0.002504 0.002505 0.002505 0.002506 0.002506 0.002506 0.002505 0.002505 0.002506 0.002505 0.001879 
cell0006   0.000250 0.000250 0.000249 0.000030 0.000030 0.000000 0.000090 0.001247 0.001901 0.002504 0.002504 0.002505 0.002505 0.002506 0.002506 0.002506 0.002505 0.002505 0.002506 0.002505 0.001879 
cell0019   0.000250 0.000250 0.000249 0.000090 0.000090 0.000090 0.000000 0.001247 0.001901 0.002504 0.002504 0.002505 0.002505 0.002506 0.002506 0.002506 0.002505 0.002505 0.002506 0.002505 0.001879 
cell0013   0.001247 0.001247 0.001246 0.001247 0.001247 0.001247 0.001247 0.000000 0.001900 0.002503 0.002503 0.002504 0.002504 0.002505 0.002505 0.002505 0.002504 0.002504 0.002505 0.002504 0.001878 
cell0010   0.001901 0.001901 0.001900 0.001901 0.001901 0.001901 0.001901 0.001900 0.000000 0.002503 0.002503 0.002504 0.002504 0.002505 0.002505 0.002505 0.002504 0.002504 0.002505 0.002504 0.001878 
cell0017   0.002504 0.002504 0.002503 0.002504 0.002504 0.002504 0.002504 0.002503 0.002503 0.000000 0.000038 0.000155 0.000507 0.000676 0.000676 0.000676 0.000817 0.000817 0.000818 0.000817 0.001877 
cell0020   0.002504 0.002504 0.002503 0.002504 0.002504 0.002504 0.002504 0.002503 0.002503 0.000038 0.000000 0.000155 0.000507 0.000676 0.000676 0.000676 0.000817 0.000817 0.000818 0.000817 0.001877 
cell0018   0.002505 0.002505 0.002504 0.002505 0.002505 0.002505 0.002505 0.002504 0.002504 0.000155 0.000155 0.000000 0.000508 0.000677 0.000677 0.000677 0.000818 0.000818 0.000819 0.000818 0.001878 
cell0003   0.002505 0.002505 0.002504 0.002505 0.002505 0.002505 0.002505 0.002504 0.002504 0.000507 0.000507 0.000508 0.000000 0.000677 0.000677 0.000677 0.000818 0.000818 0.000819 0.000818 0.001878 
cell0016   0.002506 0.002506 0.002505 0.002506 0.002506 0.002506 0.002506 0.002505 0.002505 0.000676 0.000676 0.000677 0.000677 0.000000 0.000046 0.000134 0.000819 0.000819 0.000820 0.000819 0.001879 
cell0012   0.002506 0.002506 0.002505 0.002506 0.002506 0.002506 0.002506 0.002505 0.002505 0.000676 0.000676 0.000677 0.000677 0.000046 0.000000 0.000134 0.000819 0.000819 0.000820 0.000819 0.001879 
cell0004   0.002506 0.002506 0.002505 0.002506 0.002506 0.002506 0.002506 0.002505 0.002505 0.000676 0.000676 0.000677 0.000677 0.000134 0.000134 0.000000 0.000819 0.000819 0.000820 0.000819 0.001879 
cell0001   0.002505 0.002505 0.002504 0.002505 0.002505 0.002505 0.002505 0.002504 0.002504 0.000817 0.000817 0.000818 0.000818 0.000819 0.000819 0.000819 0.000000 0.000100 0.000213 0.000518 0.001878 
cell0005   0.002505 0.002505 0.002504 0.002505 0.002505 0.002505 0.002505 0.002504 0.002504 0.000817 0.000817 0.000818 0.000818 0.000819 0.000819 0.000819 0.000100 0.000000 0.000213 0.000518 0.001878 
cell0011   0.002506 0.002506 0.002505 0.002506 0.002506 0.002506 0.002506 0.002505 0.002505 0.000818 0.000818 0.000819 0.000819 0.000820 0.000820 0.000820 0.000213 0.000213 0.000000 0.000519 0.001879 
cell0008   0.002505 0.002505 0.002504 0.002505 0.002505 0.002505 0.002505 0.002504 0.002504 0.000817 0.000817 0.000818 0.000818 0.000819 0.000819 0.000819 0.000518 0.000518 0.000519 0.000000 0.001878 
outgcell   0.001879 0.001879 0.001878 0.001879 0.001879 0.001879 0.001879 0.001878 0.001878 0.001877 0.001877 0.001878 0.001878 0.001879 0.001879 0.001879 0.001878 0.001878 0.001879 0.001878 0.000000 

21
cell0002   0.000000 0.000690 0.001688 0.001688 0.001689 0.001689 0.001689 0.001688 0.001688 0.001689 0.001689 0.001689 0.001689 0.003562 0.003562 0.003562 0.003562 0.003562 0.003562 0.003562 0.002672 
cell0014   0.000690 0.000000 0.001688 0.001688 0.001689 0.001689 0.001689 0.001688 0.001688 0.001689 0.001689 0.001689 0.001689 0.003562 0.003562 0.003562 0.003562 0.003562 0.003562 0.003562 0.002672 
cell0019   0.001688 0.001688 0.000000 0.000016 0.001327 0.001327 0.001327 0.001326 0.001326 0.001327 0.001327 0.001327 0.001327 0.003562 0.003562 0.003562 0.003562 0.003562 0.003562 0.003562 0.002672 
cell0017   0.001688 0.001688 0.000016 0.000000 0.001327 0.001327 0.001327 0.001326 0.001326 0.001327 0.001327 0.001327 0.001327 0.003562 0.003562 0.003562 0.003562 0.003562 0.003562 0.003562 0.002672 
cell0007   0.001689 0.001689 0.001327 0.001327 0.000000 0.000010 0.000186 0.000205 0.000247 0.000886 0.000886 0.000886 0.000886 0.003563 0.003563 0.003563 0.003563 0.003563 0.003563 0.003563 0.002673 
cell0005   0.001689 0.001689 0.001327 0.001327 0.000010 0.000000 0.000186 0.000205 0.000247 0.000886 0.000886 0.000886 0.000886 0.003563 0.003563 0.003563 0.003563 0.003563 0.003563 0.003563 0.002673 
cell0006   0.001689 0.001689 0.001327 0.001327 0.000186 0.000186 0.000000 0.000205 0.000247 0.000886 0.000886 0.000886 0.000886 0.003563 0.003563 0.003563 0.003563 0.003563 0.003563 0.003563 0.002673 
cell0012   0.001688 0.001688 0.001326 0.001326 0.000205 0.000205 0.000205 0.000000 0.000246 0.000885 0.000885 0.000885 0.000885 0.003562 0.003562 0.003562 0.003562 0.003562 0.003562 0.003562 0.002672 
cell0008   0.001688 0.001688 0.001326 0.001326 0.000247 0.000247 0.000247 0.000246 0.000000 0.000885 0.000885 0.000885 0.000885 0.003562 0.003562 0.003562 0.003562 0.003562 0.003562 0.003562 0.002672 
cell0013   0.001689 0.001689 0.001327 0.001327 0.000886 0.000886 0.000886 0.000885 0.000885 0.000000 0.000026 0.000062 0.000314 0.003563 0.003563 0.003563 0.003563 0.003563 0.003563 0.003563 0.002673 
cell0001   0.001689 0.001689 0.001327 0.001327 0.000886 0.000886 0.000886 0.000885 0.000885 0.000026 0.000000 0.000062 0.000314 0.003563 0.003563 0.003563 0.003563 0.003563 0.003563 0.003563 0.002673 
cell0003   0.001689 0.001689 0.001327 0.001327 0.000886 0.000886 0.000886 0.000885 0.000885 0.000062 0.000062 0.000000 0.000314 0.003563 0.003563 0.003563 0.003563 0.003563 0.003563 0.003563 0.002673 
cell0010   0.001689 0.001689 0.001327 0.001327 0.000886 0.000886 0.000886 0.000885 0.000885 0.000314 0.000314 0.000314 0.000000 0.003563 0.003563 0.003563 0.003563 0.003563 0.003563 0.003563 0.002673 
cell0018   0.003562 0.003562 0.003562 0.003562 0.003563 0.003563 0.003563 0.003562 0.003562 0.003563 0.003563 0.003563 0.003563 0.000000 0.000158 0.002834 0.002834 0.002834 0.002834 0.002834 0.002672 
cell0009   0.003562 0.003562 0.003562 0.003562 0.003563 0.003563 0.003563 0.003562 0.003562 0.003563 0.003563 0.003563 0.003563 0.000158 0.000000 0.002834 0.002834 0.002834 0.002834 0.002834 0.002672 
cell0015   0.003562 0.003562 0.003562 0.003562 0.003563 0.003563 0.003563 0.003562 0.003562 0.003563 0.003563 0.003563 0.003563 0.002834 0.002834 0.000000 0.000062 0.000090 0.000090 0.000124 0.002672 
cell0020   0.003562 0.003562 0.003562 0.003562 0.003563 0.003563 0.003563 0.003562 0.003562 0.003563 0.003563 0.003563 0.003563 0.002834 0.002834 0.000062 0.000000 0.000090 0.000090 0.000124 0.002672 
cell0004   0.003562 0.003562 0.003562 0.003562 0.003563 0.003563 0.003563 0.003562 0.003562 0.003563 0.003563 0.003563 0.003563 0.002834 0.002834 0.000090 0.000090 0.000000 0.000016 0.000124 0.002672 
cell0016   0.003562 0.003562 0.003562 0.003562 0.003563 0.003563 0.003563 0.003562 0.003562 0.003563 0.003563 0.003563 0.003563 0.002834 0.002834 0.000090 0.000090 0.000016 0.000000 0.000124 0.002672 
cell0011   0.003562 0.003562 0.003562 0.003562 0.003563 0.003563 0.003563 0.003562 0.003562 0.003563 0.003563 0.003563 0.003563 0.002834 0.002834 0.000124 0.000124 0.000124 0.000124 0.000000 0.002672 
outgcell   0.002672 0.002672 0.002672 0.002672 0.002673 0.002673 0.002673 0.002672 0.002672 0.002673 0.002673 0.002673 0.002673 0.002672 0.002672 0.002672 0.002672 0.002672 0.002672 0.002672 0.000000 

21
cell0002   0.000000 0.000042 0.000100 0.000149 0.000149 0.000149 0.000827 0.000954 0.000954 0.000954 0.000954 0.000954 0.000954 0.002306 0.002306 0.002306 0.002306 0.002306 0.002307 0.002524 0.001892 
cell0009   0.000042 0.000000 0.000100 0.000149 0.000149 0.000149 0.000827 0.000954 0.000954 0.000954 0.000954 0.000954 0.000954 0.002306 0.002306 0.002306 0.002306 0.002306 0.002307 0.002524 0.001892 
cell0004   0.000100 0.000100 0.000000 0.000149 0.000149 0.000149 0.000827 0.000954 0.000954 0.000954 0.000954 0.000954 0.000954 0.002306 0.002306 0.002306 0.002306 0.002306 0.002307 0.002524 0.001892 
cell0001   0.000149 0.000149 0.000149 0.000000 0.000052 0.000108 0.000828 0.000955 0.000955 0.000955 0.000955 0.000955 0.000955 0.002307 0.002307 0.002307 0.002307 0.002307 0.002308 0.002525 0.001893 
cell0010   0.000149 0.000149 0.000149 0.000052 0.000000 0.000108 0.000828 0.000955 0.000955 0.000955 0.000955 0.000955 0.000955 0.002307 0.002307 0.002307 0.002307 0.002307 0.002308 0.002525 0.001893 
cell0005   0.000149 0.000149 0.000149 0.000108 0.000108 0.000000 0.000828 0.000955 0.000955 0.000955 0.000955 0.000955 0.000955 0.002307 0.002307 0.002307 0.002307 0.002307 0.002308 0.002525 0.001893 
cell0003   0.000827 0.000827 0.000827 0.000828 0.000828 0.000828 0.000000 0.000955 0.000955 0.000955 0.000955 0.000955 0.000955 0.002307 0.002307 0.002307 0.002307 0.002307 0.002308 0.002525 0.001893 
cell0012   0.000954 0.000954 0.000954 0.000955 0.000955 0.000955 0.000955 0.000000 0.000066 0.000066 0.000066 0.000340 0.000340 0.002308 0.002308 0.002308 0.002308 0.002308 0.002309 0.002526 0.001894 
cell0017   0.000954 0.000954 0.000954 0.000955 0.000955 0.000955 0.000955 0.000066 0.000000 0.000066 0.000066 0.000340 0.000340 0.002308 0.002308 0.002308 0.002308 0.002308 0.002309 0.002526 0.001894 
cell0006   0.000954 0.000954 0.000954 0.000955 0.000955 0.000955 0.000955 0.000066 0.000066 0.000000 0.000038 0.000340 0.000340 0.002308 0.002308 0.002308 0.002308 0.002308 0.002309 0.002526 0.001894 
cell0019   0.000954 0.000954 0.000954 0.000955 0.000955 0.000955 0.000955 0.000066 0.000066 0.000038 0.000000 0.000340 0.000340 0.002308 0.002308 0.002308 0.002308 0.002308 0.002309 0.002526 0.001894 
cell0011   0.000954 0.000954 0.000954 0.000955 0.000955 0.000955 0.000955 0.000340 0.000340 0.000340 0.000340 0.000000 0.000194 0.002308 0.002308 0.002308 0.002308 0.002308 0.002309 0.002526 0.001894 
cell0007   0.000954 0.000954 0.000954 0.000955 0.000955 0.000955 0.000955 0.000340 0.000340 0.000340 0.000340 0.000194 0.000000 0.002308 0.002308 0.002308 0.002308 0.002308 0.002309 0.002526 0.001894 
cell0020   0.002306 0.002306 0.002306 0.002307 0.002307 0.002307 0.002307 0.002308 0.002308 0.002308 0.002308 0.002308 0.002308 0.000000 0.000024 0.000070 0.000088 0.000088 0.000955 0.002524 0.001892 
cell0013   0.002306 0.002306 0.002306 0.002307 0.002307 0.002307 0.002307 0.002308 0.002308 0.002308 0.002308 0.002308 0.002308 0.000024 0.000000 0.000070 0.000088 0.000088 0.000955 0.002524 0.001892 
cell0015   0.002306 0.002306 0.002306 0.002307 0.002307 0.002307 0.002307 0.002308 0.002308 0.002308 0.002308 0.002308 0.002308 0.000070 0.000070 0.000000 0.000088 0.000088 0.000955 0.002524 0.001892 
cell0008   0.002306 0.002306 0.002306 0.002307 0.002307 0.002307 0.002307 0.002308 0.002308 0.002308 0.002308 0.002308 0.002308 0.000088 0.000088 0.000088 0.000000 0.000070 0.000955 0.002524 0.001892 
cell0016   0.002306 0.002306 0.002306 0.002307 0.002307 0.002307 0.002307 0.002308 0.002308 0.002308 0.002308 0.002308 0.002308 0.000088 0.000088 0.000088 0.000070 0.000000 0.000955 0.002524 0.001892 
cell0018   0.002307 0.002307 0.002307 0.002308 0.002308 0.002308 0.002308 0.002309 0.002309 0.002309 0.002309 0.002309 0.002309 0.000955 0.000955 0.000955 0.000955 0.000955 0.000000 0.002525 0.001893 
cell0014   0.002524 0.002524 0.002524 0.002525 0.002525 0.002525 0.002525 0.002526 0.002526 0.002526 0.002526 0.002526 0.002526 0.002524 0.002524 0.002524 0.002524 0.002524 0.002525 0.000000 0.001894 
outgcell   0.001892 0.001892 0.001892 0.001893 0.001893 0.001893 0.001893 0.001894 0.001894 0.001894 0.001894 0.001894 0.001894 0.001892 0.001892 0.001892 0.001892 0.001892 0.001893 0.001894 0.000000 

21
cell0007   0.000000 0.000064 0.000072 0.000388 0.000388 0.000720 0.000720 0.000720 0.000720 0.000720 0.000720 0.002158 0.002158 0.002158 0.002158 0.002158 0.002158 0.010442 0.010442 0.010442 0.007831 
cell0005   0.000064 0.000000 0.000072 0.000388 0.000388 0.000720 0.000720 0.000720 0.000720 0.000720 0.000720 0.002158 0.002158 0.002158 0.002158 0.002158 0.002158 0.010442 0.010442 0.010442 0.007831 
cell0015   0.000072 0.000072 0.000000 0.000388 0.000388 0.000720 0.000720 0.000720 0.000720 0.000720 0.000720 0.002158 0.002158 0.002158 0.002158 0.002158 0.002158 0.010442 0.010442 0.010442 0.007831 
cell0006   0.000388 0.000388 0.000388 0.000000 0.000284 0.000720 0.000720 0.000720 0.000720 0.000720 0.000720 0.002158 0.002158 0.002158 0.002158 0.002158 0.002158 0.010442 0.010442 0.010442 0.007831 
cell0001   0.000388 0.000388 0.000388 0.000284 0.000000 0.000720 0.000720 0.000720 0.000720 0.000720 0.000720 0.002158 0.002158 0.002158 0.002158 0.002158 0.002158 0.010442 0.010442 0.010442 0.007831 
cell0019   0.000720 0.000720 0.000720 0.000720 0.000720 0.000000 0.000004 0.000086 0.000102 0.000102 0.000186 0.002158 0.002158 0.002158 0.002158 0.002158 0.002158 0.010442 0.010442 0.010442 0.007831 
cell0017   0.000720 0.000720 0.000720 0.000720 0.000720 0.000004 0.000000 0.000086 0.000102 0.000102 0.000186 0.002158 0.002158 0.002158 0.002158 0.002158 0.002158 0.010442 0.010442 0.010442 0.007831 
cell0009   0.000720 0.000720 0.000720 0.000720 0.000720 0.000086 0.000086 0.000000 0.000102 0.000102 0.000186 0.002158 0.002158 0.002158 0.002158 0.002158 0.002158 0.010442 0.010442 0.010442 0.007831 
cell0008   0.000720 0.000720 0.000720 0.000720 0.000720 0.000102 0.000102 0.000102 0.000000 0.000020 0.000186 0.002158 0.002158 0.002158 0.002158 0.002158 0.002158 0.010442 0.010442 0.010442 0.007831 
cell0004   0.000720 0.000720 0.000720 0.000720 0.000720 0.000102 0.000102 0.000102 0.000020 0.000000 0.000186 0.002158 0.002158 0.002158 0.002158 0.002158 0.002158 0.010442 0.010442 0.010442 0.007831 
cell0002   0.000720 0.000720 0.000720 0.000720 0.000720 0.000186 0.000186 0.000186 0.000186 0.000186 0.000000 0.002158 0.002158 0.002158 0.002158 0.002158 0.002158 0.010442 0.010442 0.010442 0.007831 
cell0013   0.002158 0.002158 0.002158 0.002158 0.002158 0.002158 0.002158 0.002158 0.002158 0.002158 0.002158 0.000000 0.000040 0.000064 0.000190 0.000714 0.000714 0.010442 0.010442 0.010442 0.007831 
cell0018   0.002158 0.002158 0.002158 0.002158 0.002158 0.002158 0.002158 0.002158 0.002158 0.002158 0.002158 0.000040 0.000000 0.000064 0.000190 0.000714 0.000714 0.010442 0.010442 0.010442 0.007831 
cell0012   0.002158 0.002158 0.002158 0.002158 0.002158 0.002158 0.002158 0.002158 0.002158 0.002158 0.002158 0.000064 0.000064 0.000000 0.000190 0.000714 0.000714 0.010442 0.010442 0.010442 0.007831 
cell0010   0.002158 0.002158 0.002158 0.002158 0.002158 0.002158 0.002158 0.002158 0.002158 0.002158 0.002158 0.000190 0.000190 0.000190 0.000000 0.000714 0.000714 0.010442 0.010442 0.010442 0.007831 
cell0014   0.002158 0.002158 0.002158 0.002158 0.002158 0.002158 0.002158 0.002158 0.002158 0.002158 0.002158 0.000714 0.000714 0.000714 0.000714 0.000000 0.000142 0.010442 0.010442 0.010442 0.007831 
cell0011   0.002158 0.002158 0.002158 0.002158 0.002158 0.002158 0.002158 0.002158 0.002158 0.002158 0.002158 0.000714 0.000714 0.000714 0.000714 0.000142 0.000000 0.010442 0.010442 0.010442 0.007831 
cell0003   0.010442 0.010442 0.010442 0.010442 0.010442 0.010442 0.010442 0.010442 0.010442 0.010442 0.010442 0.010442 0.010442 0.010442 0.010442 0.010442 0.010442 0.000000 0.000096 0.000162 0.007831 
cell0016   0.010442 0.010442 0.010442 0.010442 0.010442 0.010442 0.010442 0.010442 0.010442 0.010442 0.010442 0.010442 0.010442 0.010442 0.010442 0.010442 0.010442 0.000096 0.000000 0.000162 0.007831 
cell0020   0.010442 0.010442 0.010442 0.010442 0.010442 0.010442 0.010442 0.010442 0.010442 0.010442 0.010442 0.010442 0.010442 0.010442 0.010442 0.010442 0.010442 0.000162 0.000162 0.000000 0.007831 
outgcell   0.007831 0.007831 0.007831 0.007831 0.007831 0.007831 0.007831 0.007831 0.007831 0.007831 0.007831 0.007831 0.007831 0.007831 0.007831 0.007831 0.007831 0.007831 0.007831 0.007831 0.000000 

21
cell0015   0.000000 0.000122 0.000220 0.001197 0.001197 0.001197 0.001197 0.001197 0.001198 0.001198 0.001197 0.001197 0.001197 0.001197 0.001197 0.001198 0.003308 0.003308 0.003308 0.003874 0.002905 
cell0014   0.000122 0.000000 0.000220 0.001197 0.001197 0.001197 0.001197 0.001197 0.001198 0.001198 0.001197 0.001197 0.001197 0.001197 0.001197 0.001198 0.003308 0.003308 0.003308 0.003874 0.002905 
cell0018   0.000220 0.000220 0.000000 0.001197 0.001197 0.001197 0.001197 0.001197 0.001198 0.001198 0.001197 0.001197 0.001197 0.001197 0.001197 0.001198 0.003308 0.003308 0.003308 0.003874 0.002905 
cell0009   0.001197 0.001197 0.001197 0.000000 0.000028 0.000054 0.000118 0.000118 0.000937 0.000937 0.000936 0.001010 0.001010 0.001010 0.001010 0.001011 0.003307 0.003307 0.003307 0.003873 0.002904 
cell0007   0.001197 0.001197 0.001197 0.000028 0.000000 0.000054 0.000118 0.000118 0.000937 0.000937 0.000936 0.001010 0.001010 0.001010 0.001010 0.001011 0.003307 0.003307 0.003307 0.003873 0.002904 
cell0003   0.001197 0.001197 0.001197 0.000054 0.000054 0.000000 0.000118 0.000118 0.000937 0.000937 0.000936 0.001010 0.001010 0.001010 0.001010 0.001011 0.003307 0.003307 0.003307 0.003873 0.002904 
cell0001   0.001197 0.001197 0.001197 0.000118 0.000118 0.000118 0.000000 0.000034 0.000937 0.000937 0.000936 0.001010 0.001010 0.001010 0.001010 0.001011 0.003307 0.003307 0.003307 0.003873 0.002904 
cell0012   0.001197 0.001197 0.001197 0.000118 0.000118 0.000118 0.000034 0.000000 0.000937 0.000937 0.000936 0.001010 0.001010 0.001010 0.001010 0.001011 0.003307 0.003307 0.003307 0.003873 0.002904 
cell0002   0.001198 0.001198 0.001198 0.000937 0.000937 0.000937 0.000937 0.000937 0.000000 0.000042 0.000059 0.001011 0.001011 0.001011 0.001011 0.001012 0.003308 0.003308 0.003308 0.003874 0.002905 
cell0006   0.001198 0.001198 0.001198 0.000937 0.000937 0.000937 0.000937 0.000937 0.000042 0.000000 0.000059 0.001011 0.001011 0.001011 0.001011 0.001012 0.003308 0.003308 0.003308 0.003874 0.002905 
cell0008   0.001197 0.001197 0.001197 0.000936 0.000936 0.000936 0.000936 0.000936 0.000059 0.000059 0.000000 0.001010 0.001010 0.001010 0.001010 0.001011 0.003307 0.003307 0.003307 0.003873 0.002904 
cell0020   0.001197 0.001197 0.001197 0.001010 0.001010 0.001010 0.001010 0.001010 0.001011 0.001011 0.001010 0.000000 0.000066 0.000324 0.000324 0.000325 0.003307 0.003307 0.003307 0.003873 0.002904 
cell0017   0.001197 0.001197 0.001197 0.001010 0.001010 0.001010 0.001010 0.001010 0.001011 0.001011 0.001010 0.000066 0.000000 0.000324 0.000324 0.000325 0.003307 0.003307 0.003307 0.003873 0.002904 
cell0004   0.001197 0.001197 0.001197 0.001010 0.001010 0.001010 0.001010 0.001010 0.001011 0.001011 0.001010 0.000324 0.000324 0.000000 0.000046 0.000059 0.003307 0.003307 0.003307 0.003873 0.002904 
cell0010   0.001197 0.001197 0.001197 0.001010 0.001010 0.001010 0.001010 0.001010 0.001011 0.001011 0.001010 0.000324 0.000324 0.000046 0.000000 0.000059 0.003307 0.003307 0.003307 0.003873 0.002904 
cell0011   0.001198 0.001198 0.001198 0.001011 0.001011 0.001011 0.001011 0.001011 0.001012 0.001012 0.001011 0.000325 0.000325 0.000059 0.000059 0.000000 0.003308 0.003308 0.003308 0.003874 0.002905 
cell0016   0.003308 0.003308 0.003308 0.003307 0.003307 0.003307 0.003307 0.003307 0.003308 0.003308 0.003307 0.003307 0.003307 0.003307 0.003307 0.003308 0.000000 0.000006 0.000186 0.003874 0.002905 
cell0019   0.003308 0.003308 0.003308 0.003307 0.003307 0.003307 0.003307 0.003307 0.003308 0.003308 0.003307 0.003307 0.003307 0.003307 0.003307 0.003308 0.000006 0.000000 0.000186 0.003874 0.002905 
cell0005   0.003308 0.003308 0.003308 0.003307 0.003307 0.003307 0.003307 0.003307 0.003308 0.003308 0.003307 0.003307 0.003307 0.003307 0.003307 0.003308 0.000186 0.000186 0.000000 0.003874 0.002905 
cell0013   0.003874 0.003874 0.003874 0.003873 0.003873 0.003873 0.003873 0.003873 0.003874 0.003874 0.003873 0.003873 0.003873 0.003873 0.003873 0.003874 0.003874 0.003874 0.003874 0.000000 0.002905 
outgcell   0.002905 0.002905 0.002905 0.002904 0.002904 0.002904 0.002904 0.002904 0.002905 0.002905 0.002904 0.002904 0.002904 0.002904 0.002904 0.002905 0.002905 0.002905 0.002905 0.002905 0.000000 

21
cell0003   0.000000 0.000020 0.000166 0.000166 0.000404 0.000404 0.000404 0.000404 0.000404 0.001179 0.001244 0.001244 0.001244 0.001244 0.001244 0.002815 0.002815 0.002815 0.002815 0.002814 0.002111 
cell0019   0.000020 0.000000 0.000166 0.000166 0.000404 0.000404 0.000404 0.000404 0.000404 0.001179 0.001244 0.001244 0.001244 0.001244 0.001244 0.002815 0.002815 0.002815 0.002815 0.002814 0.002111 
cell0020   0.000166 0.000166 0.000000 0.000160 0.000404 0.000404 0.000404 0.000404 0.000404 0.001179 0.001244 0.001244 0.001244 0.001244 0.001244 0.002815 0.002815 0.002815 0.002815 0.002814 0.002111 
cell0002   0.000166 0.000166 0.000160 0.000000 0.000404 0.000404 0.000404 0.000404 0.000404 0.001179 0.001244 0.001244 0.001244 0.001244 0.001244 0.002815 0.002815 0.002815 0.002815 0.002814 0.002111 
cell0004   0.000404 0.000404 0.000404 0.000404 0.000000 0.000010 0.000112 0.000112 0.000112 0.001179 0.001244 0.001244 0.001244 0.001244 0.001244 0.002815 0.002815 0.002815 0.002815 0.002814 0.002111 
cell0009   0.000404 0.000404 0.000404 0.000404 0.000010 0.000000 0.000112 0.000112 0.000112 0.001179 0.001244 0.001244 0.001244 0.001244 0.001244 0.002815 0.002815 0.002815 0.002815 0.002814 0.002111 
cell0008   0.000404 0.000404 0.000404 0.000404 0.000112 0.000112 0.000000 0.000052 0.000074 0.001179 0.001244 0.001244 0.001244 0.001244 0.001244 0.002815 0.002815 0.002815 0.002815 0.002814 0.002111 
cell0017   0.000404 0.000404 0.000404 0.000404 0.000112 0.000112 0.000052 0.000000 0.000074 0.001179 0.001244 0.001244 0.001244 0.001244 0.001244 0.002815 0.002815 0.002815 0.002815 0.002814 0.002111 
cell0001   0.000404 0.000404 0.000404 0.000404 0.000112 0.000112 0.000074 0.000074 0.000000 0.001179 0.001244 0.001244 0.001244 0.001244 0.001244 0.002815 0.002815 0.002815 0.002815 0.002814 0.002111 
cell0007   0.001179 0.001179 0.001179 0.001179 0.001179 0.001179 0.001179 0.001179 0.001179 0.000000 0.001245 0.001245 0.001245 0.001245 0.001245 0.002816 0.002816 0.002816 0.002816 0.002815 0.002112 
cell0010   0.001244 0.001244 0.001244 0.001244 0.001244 0.001244 0.001244 0.001244 0.001244 0.001245 0.000000 0.000092 0.000350 0.000582 0.000582 0.002815 0.002815 0.002815 0.002815 0.002814 0.002111 
cell0012   0.001244 0.001244 0.001244 0.001244 0.001244 0.001244 0.001244 0.001244 0.001244 0.001245 0.000092 0.000000 0.000350 0.000582 0.000582 0.002815 0.002815 0.002815 0.002815 0.002814 0.002111 
cell0014   0.001244 0.001244 0.001244 0.001244 0.001244 0.001244 0.001244 0.001244 0.001244 0.001245 0.000350 0.000350 0.000000 0.000582 0.000582 0.002815 0.002815 0.002815 0.002815 0.002814 0.002111 
cell0013   0.001244 0.001244 0.001244 0.001244 0.001244 0.001244 0.001244 0.001244 0.001244 0.001245 0.000582 0.000582 0.000582 0.000000 0.000244 0.002815 0.002815 0.002815 0.002815 0.002814 0.002111 
cell0016   0.001244 0.001244 0.001244 0.001244 0.001244 0.001244 0.001244 0.001244 0.001244 0.001245 0.000582 0.000582 0.000582 0.000244 0.000000 0.002815 0.002815 0.002815 0.002815 0.002814 0.002111 
cell0011   0.002815 0.002815 0.002815 0.002815 0.002815 0.002815 0.002815 0.002815 0.002815 0.002816 0.002815 0.002815 0.002815 0.002815 0.002815 0.000000 0.000062 0.000130 0.000396 0.000697 0.002112 
cell0015   0.002815 0.002815 0.002815 0.002815 0.002815 0.002815 0.002815 0.002815 0.002815 0.002816 0.002815 0.002815 0.002815 0.002815 0.002815 0.000062 0.000000 0.000130 0.000396 0.000697 0.002112 
cell0006   0.002815 0.002815 0.002815 0.002815 0.002815 0.002815 0.002815 0.002815 0.002815 0.002816 0.002815 0.002815 0.002815 0.002815 0.002815 0.000130 0.000130 0.000000 0.000396 0.000697 0.002112 
cell0005   0.002815 0.002815 0.002815 0.002815 0.002815 0.002815 0.002815 0.002815 0.002815 0.002816 0.002815 0.002815 0.002815 0.002815 0.002815 0.000396 0.000396 0.000396 0.000000 0.000697 0.002112 
cell0018   0.002814 0.002814 0.002814 0.002814 0.002814 0.002814 0.002814 0.002814 0.002814 0.002815 0.002814 0.002814 0.002814 0.002814 0.002814 0.000697 0.000697 0.000697 0.000697 0.000000 0.002111 
outgcell   0.002111 0.002111 0.002111 0.002111 0.002111 0.002111 0.002111 0.002111 0.002111 0.002112 0.002111 0.002111 0.002111 0.002111 0.002111 0.002112 0.002112 0.002112 0.002112 0.002111 0.000000 

21
cell0010   0.000000 0.000030 0.000458 0.000458 0.003927 0.003927 0.003926 0.003926 0.003927 0.003926 0.003926 0.003926 0.003927 0.003927 0.003926 0.003926 0.003926 0.003926 0.003926 0.003926 0.002945 
cell0009   0.000030 0.000000 0.000458 0.000458 0.003927 0.003927 0.003926 0.003926 0.003927 0.003926 0.003926 0.003926 0.003927 0.003927 0.003926 0.003926 0.003926 0.003926 0.003926 0.003926 0.002945 
cell0004   0.000458 0.000458 0.000000 0.000278 0.003927 0.003927 0.003926 0.003926 0.003927 0.003926 0.003926 0.003926 0.003927 0.003927 0.003926 0.003926 0.003926 0.003926 0.003926 0.003926 0.002945 
cell0011   0.000458 0.000458 0.000278 0.000000 0.003927 0.003927 0.003926 0.003926 0.003927 0.003926 0.003926 0.003926 0.003927 0.003927 0.003926 0.003926 0.003926 0.003926 0.003926 0.003926 0.002945 
cell0006   0.003927 0.003927 0.003927 0.003927 0.000000 0.000026 0.000773 0.000773 0.000774 0.000773 0.000863 0.000863 0.001896 0.001896 0.001895 0.001895 0.001895 0.001895 0.001895 0.001895 0.002946 
cell0002   0.003927 0.003927 0.003927 0.003927 0.000026 0.000000 0.000773 0.000773 0.000774 0.000773 0.000863 0.000863 0.001896 0.001896 0.001895 0.001895 0.001895 0.001895 0.001895 0.001895 0.002946 
cell0019   0.003926 0.003926 0.003926 0.003926 0.000773 0.000773 0.000000 0.000044 0.000053 0.000090 0.000862 0.000862 0.001895 0.001895 0.001894 0.001894 0.001894 0.001894 0.001894 0.001894 0.002945 
cell0020   0.003926 0.003926 0.003926 0.003926 0.000773 0.000773 0.000044 0.000000 0.000053 0.000090 0.000862 0.000862 0.001895 0.001895 0.001894 0.001894 0.001894 0.001894 0.001894 0.001894 0.002945 
cell0005   0.003927 0.003927 0.003927 0.003927 0.000774 0.000774 0.000053 0.000053 0.000000 0.000091 0.000863 0.000863 0.001896 0.001896 0.001895 0.001895 0.001895 0.001895 0.001895 0.001895 0.002946 
cell0016   0.003926 0.003926 0.003926 0.003926 0.000773 0.000773 0.000090 0.000090 0.000091 0.000000 0.000862 0.000862 0.001895 0.001895 0.001894 0.001894 0.001894 0.001894 0.001894 0.001894 0.002945 
cell0007   0.003926 0.003926 0.003926 0.003926 0.000863 0.000863 0.000862 0.000862 0.000863 0.000862 0.000000 0.000074 0.001895 0.001895 0.001894 0.001894 0.001894 0.001894 0.001894 0.001894 0.002945 
cell0017   0.003926 0.003926 0.003926 0.003926 0.000863 0.000863 0.000862 0.000862 0.000863 0.000862 0.000074 0.000000 0.001895 0.001895 0.001894 0.001894 0.001894 0.001894 0.001894 0.001894 0.002945 
cell0014   0.003927 0.003927 0.003927 0.003927 0.001896 0.001896 0.001895 0.001895 0.001896 0.001895 0.001895 0.001895 0.000000 0.000004 0.000069 0.000113 0.000247 0.000247 0.000247 0.000247 0.002946 
cell0015   0.003927 0.003927 0.003927 0.003927 0.001896 0.001896 0.001895 0.001895 0.001896 0.001895 0.001895 0.001895 0.000004 0.000000 0.000069 0.000113 0.000247 0.000247 0.000247 0.000247 0.002946 
cell0012   0.003926 0.003926 0.003926 0.003926 0.001895 0.001895 0.001894 0.001894 0.001895 0.001894 0.001894 0.001894 0.000069 0.000069 0.000000 0.000112 0.000246 0.000246 0.000246 0.000246 0.002945 
cell0013   0.003926 0.003926 0.003926 0.003926 0.001895 0.001895 0.001894 0.001894 0.001895 0.001894 0.001894 0.001894 0.000113 0.000113 0.000112 0.000000 0.000246 0.000246 0.000246 0.000246 0.002945 
cell0018   0.003926 0.003926 0.003926 0.003926 0.001895 0.001895 0.001894 0.001894 0.001895 0.001894 0.001894 0.001894 0.000247 0.000247 0.000246 0.000246 0.000000 0.000000 0.000054 0.000146 0.002945 
cell0003   0.003926 0.003926 0.003926 0.003926 0.001895 0.001895 0.001894 0.001894 0.001895 0.001894 0.001894 0.001894 0.000247 0.000247 0.000246 0.000246 0.000000 0.000000 0.000054 0.000146 0.002945 
cell0008   0.003926 0.003926 0.003926 0.003926 0.001895 0.001895 0.001894 0.001894 0.001895 0.001894 0.001894 0.001894 0.000247 0.000247 0.000246 0.000246 0.000054 0.000054 0.000000 0.000146 0.002945 
cell0001   0.003926 0.003926 0.003926 0.003926 0.001895 0.001895 0.001894 0.001894 0.001895 0.001894 0.001894 0.001894 0.000247 0.000247 0.000246 0.000246 0.000146 0.000146 0.000146 0.000000 0.002945 
outgcell   0.002945 0.002945 0.002945 0.002945 0.002946 0.002946 0.002945 0.002945 0.002946 0.002945 0.002945 0.002945 0.002946 0.002946 0.002945 0.002945 0.002945 0.002945 0.002945 0.002945 0.000000 

21
cell0006   0.000000 0.000026 0.000215 0.000324 0.000324 0.000324 0.004746 0.004746 0.004746 0.004746 0.004746 0.004747 0.004747 0.004747 0.004746 0.004747 0.004747 0.004746 0.004746 0.004746 0.003559 
cell0010   0.000026 0.000000 0.000215 0.000324 0.000324 0.000324 0.004746 0.004746 0.004746 0.004746 0.004746 0.004747 0.004747 0.004747 0.004746 0.004747 0.004747 0.004746 0.004746 0.004746 0.003559 
cell0001   0.000215 0.000215 0.000000 0.000323 0.000323 0.000323 0.004745 0.004745 0.004745 0.004745 0.004745 0.004746 0.004746 0.004746 0.004745 0.004746 0.004746 0.004745 0.004745 0.004745 0.003558 
cell0015   0.000324 0.000324 0.000323 0.000000 0.000210 0.000210 0.004746 0.004746 0.004746 0.004746 0.004746 0.004747 0.004747 0.004747 0.004746 0.004747 0.004747 0.004746 0.004746 0.004746 0.003559 
cell0014   0.000324 0.000324 0.000323 0.000210 0.000000 0.000210 0.004746 0.004746 0.004746 0.004746 0.004746 0.004747 0.004747 0.004747 0.004746 0.004747 0.004747 0.004746 0.004746 0.004746 0.003559 
cell0012   0.000324 0.000324 0.000323 0.000210 0.000210 0.000000 0.004746 0.004746 0.004746 0.004746 0.004746 0.004747 0.004747 0.004747 0.004746 0.004747 0.004747 0.004746 0.004746 0.004746 0.003559 
cell0008   0.004746 0.004746 0.004745 0.004746 0.004746 0.004746 0.000000 0.000044 0.000656 0.000656 0.000656 0.000657 0.000657 0.000657 0.000656 0.000657 0.000657 0.000656 0.000656 0.000656 0.003559 
cell0019   0.004746 0.004746 0.004745 0.004746 0.004746 0.004746 0.000044 0.000000 0.000656 0.000656 0.000656 0.000657 0.000657 0.000657 0.000656 0.000657 0.000657 0.000656 0.000656 0.000656 0.003559 
cell0020   0.004746 0.004746 0.004745 0.004746 0.004746 0.004746 0.000656 0.000656 0.000000 0.000064 0.000176 0.000203 0.000203 0.000203 0.000202 0.000203 0.000203 0.000332 0.000332 0.000422 0.003559 
cell0011   0.004746 0.004746 0.004745 0.004746 0.004746 0.004746 0.000656 0.000656 0.000064 0.000000 0.000176 0.000203 0.000203 0.000203 0.000202 0.000203 0.000203 0.000332 0.000332 0.000422 0.003559 
cell0017   0.004746 0.004746 0.004745 0.004746 0.004746 0.004746 0.000656 0.000656 0.000176 0.000176 0.000000 0.000203 0.000203 0.000203 0.000202 0.000203 0.000203 0.000332 0.000332 0.000422 0.003559 
cell0016   0.004747 0.004747 0.004746 0.004747 0.004747 0.004747 0.000657 0.000657 0.000203 0.000203 0.000203 0.000000 0.000004 0.000142 0.000187 0.000190 0.000190 0.000333 0.000333 0.000423 0.003560 
cell0002   0.004747 0.004747 0.004746 0.004747 0.004747 0.004747 0.000657 0.000657 0.000203 0.000203 0.000203 0.000004 0.000000 0.000142 0.000187 0.000190 0.000190 0.000333 0.000333 0.000423 0.003560 
cell0005   0.004747 0.004747 0.004746 0.004747 0.004747 0.004747 0.000657 0.000657 0.000203 0.000203 0.000203 0.000142 0.000142 0.000000 0.000187 0.000190 0.000190 0.000333 0.000333 0.000423 0.003560 
cell0004   0.004746 0.004746 0.004745 0.004746 0.004746 0.004746 0.000656 0.000656 0.000202 0.000202 0.000202 0.000187 0.000187 0.000187 0.000000 0.000189 0.000189 0.000332 0.000332 0.000422 0.003559 
cell0009   0.004747 0.004747 0.004746 0.004747 0.004747 0.004747 0.000657 0.000657 0.000203 0.000203 0.000203 0.000190 0.000190 0.000190 0.000189 0.000000 0.000008 0.000333 0.000333 0.000423 0.003560 
cell0003   0.004747 0.004747 0.004746 0.004747 0.004747 0.004747 0.000657 0.000657 0.000203 0.000203 0.000203 0.000190 0.000190 0.000190 0.000189 0.000008 0.000000 0.000333 0.000333 0.000423 0.003560 
cell0013   0.004746 0.004746 0.004745 0.004746 0.004746 0.004746 0.000656 0.000656 0.000332 0.000332 0.000332 0.000333 0.000333 0.000333 0.000332 0.000333 0.000333 0.000000 0.000002 0.000422 0.003559 
cell0018   0.004746 0.004746 0.004745 0.004746 0.004746 0.004746 0.000656 0.000656 0.000332 0.000332 0.000332 0.000333 0.000333 0.000333 0.000332 0.000333 0.000333 0.000002 0.000000 0.000422 0.003559 
cell0007   0.004746 0.004746 0.004745 0.004746 0.004746 0.004746 0.000656 0.000656 0.000422 0.000422 0.000422 0.000423 0.000423 0.000423 0.000422 0.000423 0.000423 0.000422 0.000422 0.000000 0.003559 
outgcell   0.003559 0.003559 0.003558 0.003559 0.003559 0.003559 0.003559 0.003559 0.003559 0.003559 0.003559 0.003560 0.003560 0.003560 0.003559 0.003560 0.003560 0.003559 0.003559 0.003559 0.000000 

21
cell0004   0.000000 0.000086 0.000102 0.000139 0.000173 0.000401 0.000401 0.000401 0.000579 0.000579 0.000579 0.000579 0.002638 0.002638 0.002638 0.002639 0.002639 0.002639 0.002639 0.002639 0.001979 
cell0016   0.000086 0.000000 0.000102 0.000139 0.000173 0.000401 0.000401 0.000401 0.000579 0.000579 0.000579 0.000579 0.002638 0.002638 0.002638 0.002639 0.002639 0.002639 0.002639 0.002639 0.001979 
cell0002   0.000102 0.000102 0.000000 0.000139 0.000173 0.000401 0.000401 0.000401 0.000579 0.000579 0.000579 0.000579 0.002638 0.002638 0.002638 0.002639 0.002639 0.002639 0.002639 0.002639 0.001979 
cell0011   0.000139 0.000139 0.000139 0.000000 0.000172 0.000400 0.000400 0.000400 0.000578 0.000578 0.000578 0.000578 0.002637 0.002637 0.002637 0.002638 0.002638 0.002638 0.002638 0.002638 0.001978 
cell0006   0.000173 0.000173 0.000173 0.000172 0.000000 0.000400 0.000400 0.000400 0.000578 0.000578 0.000578 0.000578 0.002637 0.002637 0.002637 0.002638 0.002638 0.002638 0.002638 0.002638 0.001978 
cell0008   0.000401 0.000401 0.000401 0.000400 0.000400 0.000000 0.000012 0.000048 0.000578 0.000578 0.000578 0.000578 0.002637 0.002637 0.002637 0.002638 0.002638 0.002638 0.002638 0.002638 0.001978 
cell0019   0.000401 0.000401 0.000401 0.000400 0.000400 0.000012 0.000000 0.000048 0.000578 0.000578 0.000578 0.000578 0.002637 0.002637 0.002637 0.002638 0.002638 0.002638 0.002638 0.002638 0.001978 
cell0010   0.000401 0.000401 0.000401 0.000400 0.000400 0.000048 0.000048 0.000000 0.000578 0.000578 0.000578 0.000578 0.002637 0.002637 0.002637 0.002638 0.002638 0.002638 0.002638 0.002638 0.001978 
cell0009   0.000579 0.000579 0.000579 0.000578 0.000578 0.000578 0.000578 0.000578 0.000000 0.000000 0.000030 0.000398 0.002637 0.002637 0.002637 0.002638 0.002638 0.002638 0.002638 0.002638 0.001978 
cell0015   0.000579 0.000579 0.000579 0.000578 0.000578 0.000578 0.000578 0.000578 0.000000 0.000000 0.000030 0.000398 0.002637 0.002637 0.002637 0.002638 0.002638 0.002638 0.002638 0.002638 0.001978 
cell0014   0.000579 0.000579 0.000579 0.000578 0.000578 0.000578 0.000578 0.000578 0.000030 0.000030 0.000000 0.000398 0.002637 0.002637 0.002637 0.002638 0.002638 0.002638 0.002638 0.002638 0.001978 
cell0007   0.000579 0.000579 0.000579 0.000578 0.000578 0.000578 0.000578 0.000578 0.000398 0.000398 0.000398 0.000000 0.002637 0.002637 0.002637 0.002638 0.002638 0.002638 0.002638 0.002638 0.001978 
cell0012   0.002638 0.002638 0.002638 0.002637 0.002637 0.002637 0.002637 0.002637 0.002637 0.002637 0.002637 0.002637 0.000000 0.000002 0.000014 0.001041 0.001041 0.001041 0.001041 0.001041 0.001977 
cell0017   0.002638 0.002638 0.002638 0.002637 0.002637 0.002637 0.002637 0.002637 0.002637 0.002637 0.002637 0.002637 0.000002 0.000000 0.000014 0.001041 0.001041 0.001041 0.001041 0.001041 0.001977 
cell0018   0.002638 0.002638 0.002638 0.002637 0.002637 0.002637 0.002637 0.002637 0.002637 0.002637 0.002637 0.002637 0.000014 0.000014 0.000000 0.001041 0.001041 0.001041 0.001041 0.001041 0.001977 
cell0005   0.002639 0.002639 0.002639 0.002638 0.002638 0.002638 0.002638 0.002638 0.002638 0.002638 0.002638 0.002638 0.001041 0.001041 0.001041 0.000000 0.001042 0.001042 0.001042 0.001042 0.001978 
cell0003   0.002639 0.002639 0.002639 0.002638 0.002638 0.002638 0.002638 0.002638 0.002638 0.002638 0.002638 0.002638 0.001041 0.001041 0.001041 0.001042 0.000000 0.000012 0.000328 0.000958 0.001978 
cell0001   0.002639 0.002639 0.002639 0.002638 0.002638 0.002638 0.002638 0.002638 0.002638 0.002638 0.002638 0.002638 0.001041 0.001041 0.001041 0.001042 0.000012 0.000000 0.000328 0.000958 0.001978 
cell0013   0.002639 0.002639 0.002639 0.002638 0.002638 0.002638 0.002638 0.002638 0.002638 0.002638 0.002638 0.002638 0.001041 0.001041 0.001041 0.001042 0.000328 0.000328 0.000000 0.000958 0.001978 
cell0020   0.002639 0.002639 0.002639 0.002638 0.002638 0.002638 0.002638 0.002638 0.002638 0.002638 0.002638 0.002638 0.001041 0.001041 0.001041 0.001042 0.000958 0.000958 0.000958 0.000000 0.001978 
outgcell   0.001979 0.001979 0.001979 0.001978 0.001978 0.001978 0.001978 0.001978 0.001978 0.001978 0.001978 0.001978 0.001977 0.001977 0.001977 0.001978 0.001978 0.001978 0.001978 0.001978 0.000000 

21
cell0002   0.000000 0.000030 0.000084 0.000084 0.000084 0.000159 0.000159 0.000159 0.000159 0.000357 0.000359 0.000995 0.000995 0.001309 0.002257 0.002257 0.002256 0.002256 0.002256 0.002257 0.001693 
cell0004   0.000030 0.000000 0.000084 0.000084 0.000084 0.000159 0.000159 0.000159 0.000159 0.000357 0.000359 0.000995 0.000995 0.001309 0.002257 0.002257 0.002256 0.002256 0.002256 0.002257 0.001693 
cell0006   0.000084 0.000084 0.000000 0.000056 0.000068 0.000159 0.000159 0.000159 0.000159 0.000357 0.000359 0.000995 0.000995 0.001309 0.002257 0.002257 0.002256 0.002256 0.002256 0.002257 0.001693 
cell0017   0.000084 0.000084 0.000056 0.000000 0.000068 0.000159 0.000159 0.000159 0.000159 0.000357 0.000359 0.000995 0.000995 0.001309 0.002257 0.002257 0.002256 0.002256 0.002256 0.002257 0.001693 
cell0011   0.000084 0.000084 0.000068 0.000068 0.000000 0.000159 0.000159 0.000159 0.000159 0.000357 0.000359 0.000995 0.000995 0.001309 0.002257 0.002257 0.002256 0.002256 0.002256 0.002257 0.001693 
cell0016   0.000159 0.000159 0.000159 0.000159 0.000159 0.000000 0.000034 0.000048 0.000048 0.000358 0.000360 0.000996 0.000996 0.001310 0.002258 0.002258 0.002257 0.002257 0.002257 0.002258 0.001694 
cell0009   0.000159 0.000159 0.000159 0.000159 0.000159 0.000034 0.000000 0.000048 0.000048 0.000358 0.000360 0.000996 0.000996 0.001310 0.002258 0.002258 0.002257 0.002257 0.002257 0.002258 0.001694 
cell0019   0.000159 0.000159 0.000159 0.000159 0.000159 0.000048 0.000048 0.000000 0.000016 0.000358 0.000360 0.000996 0.000996 0.001310 0.002258 0.002258 0.002257 0.002257 0.002257 0.002258 0.001694 
cell0020   0.000159 0.000159 0.000159 0.000159 0.000159 0.000048 0.000048 0.000016 0.000000 0.000358 0.000360 0.000996 0.000996 0.001310 0.002258 0.002258 0.002257 0.002257 0.002257 0.002258 0.001694 
cell0014   0.000357 0.000357 0.000357 0.000357 0.000357 0.000358 0.000358 0.000358 0.000358 0.000000 0.000360 0.000996 0.000996 0.001310 0.002258 0.002258 0.002257 0.002257 0.002257 0.002258 0.001694 
cell0012   0.000359 0.000359 0.000359 0.000359 0.000359 0.000360 0.000360 0.000360 0.000360 0.000360 0.000000 0.000996 0.000996 0.001310 0.002258 0.002258 0.002257 0.002257 0.002257 0.002258 0.001694 
cell0008   0.000995 0.000995 0.000995 0.000995 0.000995 0.000996 0.000996 0.000996 0.000996 0.000996 0.000996 0.000000 0.000584 0.001310 0.002258 0.002258 0.002257 0.002257 0.002257 0.002258 0.001694 
cell0010   0.000995 0.000995 0.000995 0.000995 0.000995 0.000996 0.000996 0.000996 0.000996 0.000996 0.000996 0.000584 0.000000 0.001310 0.002258 0.002258 0.002257 0.002257 0.002257 0.002258 0.001694 
cell0018   0.001309 0.001309 0.001309 0.001309 0.001309 0.001310 0.001310 0.001310 0.001310 0.001310 0.001310 0.001310 0.001310 0.000000 0.002258 0.002258 0.002257 0.002257 0.002257 0.002258 0.001694 
cell0007   0.002257 0.002257 0.002257 0.002257 0.002257 0.002258 0.002258 0.002258 0.002258 0.002258 0.002258 0.002258 0.002258 0.002258 0.000000 0.000078 0.000679 0.000679 0.000679 0.000916 0.001694 
cell0001   0.002257 0.002257 0.002257 0.002257 0.002257 0.002258 0.002258 0.002258 0.002258 0.002258 0.002258 0.002258 0.002258 0.002258 0.000078 0.000000 0.000679 0.000679 0.000679 0.000916 0.001694 
cell0015   0.002256 0.002256 0.002256 0.002256 0.002256 0.002257 0.002257 0.002257 0.002257 0.002257 0.002257 0.002257 0.002257 0.002257 0.000679 0.000679 0.000000 0.000134 0.000154 0.000915 0.001693 
cell0005   0.002256 0.002256 0.002256 0.002256 0.002256 0.002257 0.002257 0.002257 0.002257 0.002257 0.002257 0.002257 0.002257 0.002257 0.000679 0.000679 0.000134 0.000000 0.000154 0.000915 0.001693 
cell0013   0.002256 0.002256 0.002256 0.002256 0.002256 0.002257 0.002257 0.002257 0.002257 0.002257 0.002257 0.002257 0.002257 0.002257 0.000679 0.000679 0.000154 0.000154 0.000000 0.000915 0.001693 
cell0003   0.002257 0.002257 0.002257 0.002257 0.002257 0.002258 0.002258 0.002258 0.002258 0.002258 0.002258 0.002258 0.002258 0.002258 0.000916 0.000916 0.000915 0.000915 0.000915 0.000000 0.001694 
outgcell   0.001693 0.001693 0.001693 0.001693 0.001693 0.001694 0.001694 0.001694 0.001694 0.001694 0.001694 0.001694 0.001694 0.001694 0.001694 0.001694 0.001693 0.001693 0.001693 0.001694 0.000000 

21
cell0001   0.000000 0.000024 0.000062 0.000104 0.001022 0.001022 0.005562 0.006355 0.006355 0.006355 0.006355 0.006355 0.006355 0.006355 0.006355 0.006355 0.006355 0.006354 0.006354 0.006354 0.004766 
cell0009   0.000024 0.000000 0.000062 0.000104 0.001022 0.001022 0.005562 0.006355 0.006355 0.006355 0.006355 0.006355 0.006355 0.006355 0.006355 0.006355 0.006355 0.006354 0.006354 0.006354 0.004766 
cell0014   0.000062 0.000062 0.000000 0.000104 0.001022 0.001022 0.005562 0.006355 0.006355 0.006355 0.006355 0.006355 0.006355 0.006355 0.006355 0.006355 0.006355 0.006354 0.006354 0.006354 0.004766 
cell0016   0.000104 0.000104 0.000104 0.000000 0.001022 0.001022 0.005562 0.006355 0.006355 0.006355 0.006355 0.006355 0.006355 0.006355 0.006355 0.006355 0.006355 0.006354 0.006354 0.006354 0.004766 
cell0004   0.001022 0.001022 0.001022 0.001022 0.000000 0.000310 0.005562 0.006355 0.006355 0.006355 0.006355 0.006355 0.006355 0.006355 0.006355 0.006355 0.006355 0.006354 0.006354 0.006354 0.004766 
cell0011   0.001022 0.001022 0.001022 0.001022 0.000310 0.000000 0.005562 0.006355 0.006355 0.006355 0.006355 0.006355 0.006355 0.006355 0.006355 0.006355 0.006355 0.006354 0.006354 0.006354 0.004766 
cell0012   0.005562 0.005562 0.005562 0.005562 0.005562 0.005562 0.000000 0.006355 0.006355 0.006355 0.006355 0.006355 0.006355 0.006355 0.006355 0.006355 0.006355 0.006354 0.006354 0.006354 0.004766 
cell0002   0.006355 0.006355 0.006355 0.006355 0.006355 0.006355 0.006355 0.000000 0.000096 0.000152 0.001172 0.001172 0.001172 0.001172 0.001172 0.001172 0.001172 0.001171 0.001171 0.001171 0.004767 
cell0008   0.006355 0.006355 0.006355 0.006355 0.006355 0.006355 0.006355 0.000096 0.000000 0.000152 0.001172 0.001172 0.001172 0.001172 0.001172 0.001172 0.001172 0.001171 0.001171 0.001171 0.004767 
cell0005   0.006355 0.006355 0.006355 0.006355 0.006355 0.006355 0.006355 0.000152 0.000152 0.000000 0.001172 0.001172 0.001172 0.001172 0.001172 0.001172 0.001172 0.001171 0.001171 0.001171 0.004767 
cell0013   0.006355 0.006355 0.006355 0.006355 0.006355 0.006355 0.006355 0.001172 0.001172 0.001172 0.000000 0.000012 0.000048 0.000110 0.000126 0.000190 0.000552 0.000715 0.000715 0.000715 0.004767 
cell0017   0.006355 0.006355 0.006355 0.006355 0.006355 0.006355 0.006355 0.001172 0.001172 0.001172 0.000012 0.000000 0.000048 0.000110 0.000126 0.000190 0.000552 0.000715 0.000715 0.000715 0.004767 
cell0015   0.006355 0.006355 0.006355 0.006355 0.006355 0.006355 0.006355 0.001172 0.001172 0.001172 0.000048 0.000048 0.000000 0.000110 0.000126 0.000190 0.000552 0.000715 0.000715 0.000715 0.004767 
cell0003   0.006355 0.006355 0.006355 0.006355 0.006355 0.006355 0.006355 0.001172 0.001172 0.001172 0.000110 0.000110 0.000110 0.000000 0.000126 0.000190 0.000552 0.000715 0.000715 0.000715 0.004767 
cell0019   0.006355 0.006355 0.006355 0.006355 0.006355 0.006355 0.006355 0.001172 0.001172 0.001172 0.000126 0.000126 0.000126 0.000126 0.000000 0.000190 0.000552 0.000715 0.000715 0.000715 0.004767 
cell0007   0.006355 0.006355 0.006355 0.006355 0.006355 0.006355 0.006355 0.001172 0.001172 0.001172 0.000190 0.000190 0.000190 0.000190 0.000190 0.000000 0.000552 0.000715 0.000715 0.000715 0.004767 
cell0006   0.006355 0.006355 0.006355 0.006355 0.006355 0.006355 0.006355 0.001172 0.001172 0.001172 0.000552 0.000552 0.000552 0.000552 0.000552 0.000552 0.000000 0.000715 0.000715 0.000715 0.004767 
cell0010   0.006354 0.006354 0.006354 0.006354 0.006354 0.006354 0.006354 0.001171 0.001171 0.001171 0.000715 0.000715 0.000715 0.000715 0.000715 0.000715 0.000715 0.000000 0.000066 0.000146 0.004766 
cell0018   0.006354 0.006354 0.006354 0.006354 0.006354 0.006354 0.006354 0.001171 0.001171 0.001171 0.000715 0.000715 0.000715 0.000715 0.000715 0.000715 0.000715 0.000066 0.000000 0.000146 0.004766 
cell0020   0.006354 0.006354 0.006354 0.006354 0.006354 0.006354 0.006354 0.001171 0.001171 0.001171 0.000715 0.000715 0.000715 0.000715 0.000715 0.000715 0.000715 0.000146 0.000146 0.000000 0.004766 
outgcell   0.004766 0.004766 0.004766 0.004766 0.004766 0.004766 0.004766 0.004767 0.004767 0.004767 0.004767 0.004767 0.004767 0.004767 0.004767 0.004767 0.004767 0.004766 0.004766 0.004766 0.000000 

21
cell0018   0.000000 0.000026 0.000252 0.004602 0.004602 0.004603 0.004603 0.004603 0.004603 0.004603 0.004603 0.004603 0.004602 0.004603 0.004602 0.004602 0.004602 0.004602 0.004603 0.004602 0.003452 
cell0011   0.000026 0.000000 0.000252 0.004602 0.004602 0.004603 0.004603 0.004603 0.004603 0.004603 0.004603 0.004603 0.004602 0.004603 0.004602 0.004602 0.004602 0.004602 0.004603 0.004602 0.003452 
cell0009   0.000252 0.000252 0.000000 0.004602 0.004602 0.004603 0.004603 0.004603 0.004603 0.004603 0.004603 0.004603 0.004602 0.004603 0.004602 0.004602 0.004602 0.004602 0.004603 0.004602 0.003452 
cell0007   0.004602 0.004602 0.004602 0.000000 0.000062 0.000065 0.000237 0.000237 0.000237 0.000237 0.000777 0.000777 0.000776 0.000777 0.000776 0.000776 0.000776 0.000776 0.000777 0.001248 0.003452 
cell0020   0.004602 0.004602 0.004602 0.000062 0.000000 0.000065 0.000237 0.000237 0.000237 0.000237 0.000777 0.000777 0.000776 0.000777 0.000776 0.000776 0.000776 0.000776 0.000777 0.001248 0.003452 
cell0004   0.004603 0.004603 0.004603 0.000065 0.000065 0.000000 0.000238 0.000238 0.000238 0.000238 0.000778 0.000778 0.000777 0.000778 0.000777 0.000777 0.000777 0.000777 0.000778 0.001249 0.003453 
cell0015   0.004603 0.004603 0.004603 0.000237 0.000237 0.000238 0.000000 0.000096 0.000214 0.000214 0.000778 0.000778 0.000777 0.000778 0.000777 0.000777 0.000777 0.000777 0.000778 0.001249 0.003453 
cell0002   0.004603 0.004603 0.004603 0.000237 0.000237 0.000238 0.000096 0.000000 0.000214 0.000214 0.000778 0.000778 0.000777 0.000778 0.000777 0.000777 0.000777 0.000777 0.000778 0.001249 0.003453 
cell0006   0.004603 0.004603 0.004603 0.000237 0.000237 0.000238 0.000214 0.000214 0.000000 0.000060 0.000778 0.000778 0.000777 0.000778 0.000777 0.000777 0.000777 0.000777 0.000778 0.001249 0.003453 
cell0001   0.004603 0.004603 0.004603 0.000237 0.000237 0.000238 0.000214 0.000214 0.000060 0.000000 0.000778 0.000778 0.000777 0.000778 0.000777 0.000777 0.000777 0.000777 0.000778 0.001249 0.003453 
cell0016   0.004603 0.004603 0.004603 0.000777 0.000777 0.000778 0.000778 0.000778 0.000778 0.000778 0.000000 0.000066 0.000305 0.000424 0.000733 0.000733 0.000733 0.000733 0.000734 0.001249 0.003453 
cell0010   0.004603 0.004603 0.004603 0.000777 0.000777 0.000778 0.000778 0.000778 0.000778 0.000778 0.000066 0.000000 0.000305 0.000424 0.000733 0.000733 0.000733 0.000733 0.000734 0.001249 0.003453 
cell0014   0.004602 0.004602 0.004602 0.000776 0.000776 0.000777 0.000777 0.000777 0.000777 0.000777 0.000305 0.000305 0.000000 0.000423 0.000732 0.000732 0.000732 0.000732 0.000733 0.001248 0.003452 
cell0012   0.004603 0.004603 0.004603 0.000777 0.000777 0.000778 0.000778 0.000778 0.000778 0.000778 0.000424 0.000424 0.000423 0.000000 0.000733 0.000733 0.000733 0.000733 0.000734 0.001249 0.003453 
cell0013   0.004602 0.004602 0.004602 0.000776 0.000776 0.000777 0.000777 0.000777 0.000777 0.000777 0.000733 0.000733 0.000732 0.000733 0.000000 0.000028 0.000066 0.000066 0.000115 0.001248 0.003452 
cell0003   0.004602 0.004602 0.004602 0.000776 0.000776 0.000777 0.000777 0.000777 0.000777 0.000777 0.000733 0.000733 0.000732 0.000733 0.000028 0.000000 0.000066 0.000066 0.000115 0.001248 0.003452 
cell0019   0.004602 0.004602 0.004602 0.000776 0.000776 0.000777 0.000777 0.000777 0.000777 0.000777 0.000733 0.000733 0.000732 0.000733 0.000066 0.000066 0.000000 0.000008 0.000115 0.001248 0.003452 
cell0008   0.004602 0.004602 0.004602 0.000776 0.000776 0.000777 0.000777 0.000777 0.000777 0.000777 0.000733 0.000733 0.000732 0.000733 0.000066 0.000066 0.000008 0.000000 0.000115 0.001248 0.003452 
cell0017   0.004603 0.004603 0.004603 0.000777 0.000777 0.000778 0.000778 0.000778 0.000778 0.000778 0.000734 0.000734 0.000733 0.000734 0.000115 0.000115 0.000115 0.000115 0.000000 0.001249 0.003453 
cell0005   0.004602 0.004602 0.004602 0.001248 0.001248 0.001249 0.001249 0.001249 0.001249 0.001249 0.001249 0.001249 0.001248 0.001249 0.001248 0.001248 0.001248 0.001248 0.001249 0.000000 0.003452 
outgcell   0.003452 0.003452 0.003452 0.003452 0.003452 0.003453 0.003453 0.003453 0.003453 0.003453 0.003453 0.003453 0.003452 0.003453 0.003452 0.003452 0.003452 0.003452 0.003453 0.003452 0.000000 

21
cell0003   0.000000 0.000154 0.000156 0.001312 0.001312 0.001312 0.001312 0.001312 0.001313 0.001312 0.001312 0.001652 0.001652 0.001651 0.001651 0.001652 0.001652 0.002066 0.002066 0.002066 0.001550 
cell0013   0.000154 0.000000 0.000156 0.001312 0.001312 0.001312 0.001312 0.001312 0.001313 0.001312 0.001312 0.001652 0.001652 0.001651 0.001651 0.001652 0.001652 0.002066 0.002066 0.002066 0.001550 
cell0002   0.000156 0.000156 0.000000 0.001312 0.001312 0.001312 0.001312 0.001312 0.001313 0.001312 0.001312 0.001652 0.001652 0.001651 0.001651 0.001652 0.001652 0.002066 0.002066 0.002066 0.001550 
cell0014   0.001312 0.001312 0.001312 0.000000 0.000048 0.000218 0.000220 0.000220 0.000291 0.000294 0.000294 0.001652 0.001652 0.001651 0.001651 0.001652 0.001652 0.002066 0.002066 0.002066 0.001550 
cell0019   0.001312 0.001312 0.001312 0.000048 0.000000 0.000218 0.000220 0.000220 0.000291 0.000294 0.000294 0.001652 0.001652 0.001651 0.001651 0.001652 0.001652 0.002066 0.002066 0.002066 0.001550 
cell0001   0.001312 0.001312 0.001312 0.000218 0.000218 0.000000 0.000220 0.000220 0.000291 0.000294 0.000294 0.001652 0.001652 0.001651 0.001651 0.001652 0.001652 0.002066 0.002066 0.002066 0.001550 
cell0006   0.001312 0.001312 0.001312 0.000220 0.000220 0.000220 0.000000 0.000058 0.000291 0.000294 0.000294 0.001652 0.001652 0.001651 0.001651 0.001652 0.001652 0.002066 0.002066 0.002066 0.001550 
cell0015   0.001312 0.001312 0.001312 0.000220 0.000220 0.000220 0.000058 0.000000 0.000291 0.000294 0.000294 0.001652 0.001652 0.001651 0.001651 0.001652 0.001652 0.002066 0.002066 0.002066 0.001550 
cell0005   0.001313 0.001313 0.001313 0.000291 0.000291 0.000291 0.000291 0.000291 0.000000 0.000295 0.000295 0.001653 0.001653 0.001652 0.001652 0.001653 0.001653 0.002067 0.002067 0.002067 0.001551 
cell0011   0.001312 0.001312 0.001312 0.000294 0.000294 0.000294 0.000294 0.000294 0.000295 0.000000 0.000262 0.001652 0.001652 0.001651 0.001651 0.001652 0.001652 0.002066 0.002066 0.002066 0.001550 
cell0010   0.001312 0.001312 0.001312 0.000294 0.000294 0.000294 0.000294 0.000294 0.000295 0.000262 0.000000 0.001652 0.001652 0.001651 0.001651 0.001652 0.001652 0.002066 0.002066 0.002066 0.001550 
cell0016   0.001652 0.001652 0.001652 0.001652 0.001652 0.001652 0.001652 0.001652 0.001653 0.001652 0.001652 0.000000 0.000778 0.000799 0.000799 0.000800 0.001262 0.002066 0.002066 0.002066 0.001550 
cell0018   0.001652 0.001652 0.001652 0.001652 0.001652 0.001652 0.001652 0.001652 0.001653 0.001652 0.001652 0.000778 0.000000 0.000799 0.000799 0.000800 0.001262 0.002066 0.002066 0.002066 0.001550 
cell0007   0.001651 0.001651 0.001651 0.001651 0.001651 0.001651 0.001651 0.001651 0.001652 0.001651 0.001651 0.000799 0.000799 0.000000 0.000088 0.000139 0.001261 0.002065 0.002065 0.002065 0.001549 
cell0009   0.001651 0.001651 0.001651 0.001651 0.001651 0.001651 0.001651 0.001651 0.001652 0.001651 0.001651 0.000799 0.000799 0.000088 0.000000 0.000139 0.001261 0.002065 0.002065 0.002065 0.001549 
cell0020   0.001652 0.001652 0.001652 0.001652 0.001652 0.001652 0.001652 0.001652 0.001653 0.001652 0.001652 0.000800 0.000800 0.000139 0.000139 0.000000 0.001262 0.002066 0.002066 0.002066 0.001550 
cell0004   0.001652 0.001652 0.001652 0.001652 0.001652 0.001652 0.001652 0.001652 0.001653 0.001652 0.001652 0.001262 0.001262 0.001261 0.001261 0.001262 0.000000 0.002066 0.002066 0.002066 0.001550 
cell0012   0.002066 0.002066 0.002066 0.002066 0.002066 0.002066 0.002066 0.002066 0.002067 0.002066 0.002066 0.002066 0.002066 0.002065 0.002065 0.002066 0.002066 0.000000 0.000038 0.000348 0.001550 
cell0017   0.002066 0.002066 0.002066 0.002066 0.002066 0.002066 0.002066 0.002066 0.002067 0.002066 0.002066 0.002066 0.002066 0.002065 0.002065 0.002066 0.002066 0.000038 0.000000 0.000348 0.001550 
cell0008   0.002066 0.002066 0.002066 0.002066 0.002066 0.002066 0.002066 0.002066 0.002067 0.002066 0.002066 0.002066 0.002066 0.002065 0.002065 0.002066 0.002066 0.000348 0.000348 0.000000 0.001550 
outgcell   0.001550 0.001550 0.001550 0.001550 0.001550 0.001550 0.001550 0.001550 0.001551 0.001550 0.001550 0.001550 0.001550 0.001549 0.001549 0.001550 0.001550 0.001550 0.001550 0.001550 0.000000 

21
cell0018   0.000000 0.000008 0.000104 0.001074 0.001074 0.001074 0.001074 0.001074 0.001074 0.001074 0.001074 0.001074 0.001075 0.001075 0.001074 0.001206 0.001206 0.001206 0.001206 0.001206 0.000904 
cell0002   0.000008 0.000000 0.000104 0.001074 0.001074 0.001074 0.001074 0.001074 0.001074 0.001074 0.001074 0.001074 0.001075 0.001075 0.001074 0.001206 0.001206 0.001206 0.001206 0.001206 0.000904 
cell0001   0.000104 0.000104 0.000000 0.001074 0.001074 0.001074 0.001074 0.001074 0.001074 0.001074 0.001074 0.001074 0.001075 0.001075 0.001074 0.001206 0.001206 0.001206 0.001206 0.001206 0.000904 
cell0015   0.001074 0.001074 0.001074 0.000000 0.000176 0.000238 0.000436 0.000900 0.000900 0.000900 0.000900 0.000900 0.000901 0.000901 0.000900 0.001206 0.001206 0.001206 0.001206 0.001206 0.000904 
cell0007   0.001074 0.001074 0.001074 0.000176 0.000000 0.000238 0.000436 0.000900 0.000900 0.000900 0.000900 0.000900 0.000901 0.000901 0.000900 0.001206 0.001206 0.001206 0.001206 0.001206 0.000904 
cell0020   0.001074 0.001074 0.001074 0.000238 0.000238 0.000000 0.000436 0.000900 0.000900 0.000900 0.000900 0.000900 0.000901 0.000901 0.000900 0.001206 0.001206 0.001206 0.001206 0.001206 0.000904 
cell0003   0.001074 0.001074 0.001074 0.000436 0.000436 0.000436 0.000000 0.000900 0.000900 0.000900 0.000900 0.000900 0.000901 0.000901 0.000900 0.001206 0.001206 0.001206 0.001206 0.001206 0.000904 
cell0006   0.001074 0.001074 0.001074 0.000900 0.000900 0.000900 0.000900 0.000000 0.000238 0.000386 0.000860 0.000860 0.000861 0.000861 0.000860 0.001206 0.001206 0.001206 0.001206 0.001206 0.000904 
cell0013   0.001074 0.001074 0.001074 0.000900 0.000900 0.000900 0.000900 0.000238 0.000000 0.000386 0.000860 0.000860 0.000861 0.000861 0.000860 0.001206 0.001206 0.001206 0.001206 0.001206 0.000904 
cell0010   0.001074 0.001074 0.001074 0.000900 0.000900 0.000900 0.000900 0.000386 0.000386 0.000000 0.000860 0.000860 0.000861 0.000861 0.000860 0.001206 0.001206 0.001206 0.001206 0.001206 0.000904 
cell0011   0.001074 0.001074 0.001074 0.000900 0.000900 0.000900 0.000900 0.000860 0.000860 0.000860 0.000000 0.000014 0.000131 0.000131 0.000190 0.001206 0.001206 0.001206 0.001206 0.001206 0.000904 
cell0005   0.001074 0.001074 0.001074 0.000900 0.000900 0.000900 0.000900 0.000860 0.000860 0.000860 0.000014 0.000000 0.000131 0.000131 0.000190 0.001206 0.001206 0.001206 0.001206 0.001206 0.000904 
cell0008   0.001075 0.001075 0.001075 0.000901 0.000901 0.000901 0.000901 0.000861 0.000861 0.000861 0.000131 0.000131 0.000000 0.000018 0.000191 0.001207 0.001207 0.001207 0.001207 0.001207 0.000905 
cell0017   0.001075 0.001075 0.001075 0.000901 0.000901 0.000901 0.000901 0.000861 0.000861 0.000861 0.000131 0.000131 0.000018 0.000000 0.000191 0.001207 0.001207 0.001207 0.001207 0.001207 0.000905 
cell0019   0.001074 0.001074 0.001074 0.000900 0.000900 0.000900 0.000900 0.000860 0.000860 0.000860 0.000190 0.000190 0.000191 0.000191 0.000000 0.001206 0.001206 0.001206 0.001206 0.001206 0.000904 
cell0004   0.001206 0.001206 0.001206 0.001206 0.001206 0.001206 0.001206 0.001206 0.001206 0.001206 0.001206 0.001206 0.001207 0.001207 0.001206 0.000000 0.000064 0.000070 0.000070 0.000088 0.000904 
cell0012   0.001206 0.001206 0.001206 0.001206 0.001206 0.001206 0.001206 0.001206 0.001206 0.001206 0.001206 0.001206 0.001207 0.001207 0.001206 0.000064 0.000000 0.000070 0.000070 0.000088 0.000904 
cell0016   0.001206 0.001206 0.001206 0.001206 0.001206 0.001206 0.001206 0.001206 0.001206 0.001206 0.001206 0.001206 0.001207 0.001207 0.001206 0.000070 0.000070 0.000000 0.000020 0.000088 0.000904 
cell0014   0.001206 0.001206 0.001206 0.001206 0.001206 0.001206 0.001206 0.001206 0.001206 0.001206 0.001206 0.001206 0.001207 0.001207 0.001206 0.000070 0.000070 0.000020 0.000000 0.000088 0.000904 
cell0009   0.001206 0.001206 0.001206 0.001206 0.001206 0.001206 0.001206 0.001206 0.001206 0.001206 0.001206 0.001206 0.001207 0.001207 0.001206 0.000088 0.000088 0.000088 0.000088 0.000000 0.000904 
outgcell   0.000904 0.000904 0.000904 0.000904 0.000904 0.000904 0.000904 0.000904 0.000904 0.000904 0.000904 0.000904 0.000905 0.000905 0.000904 0.000904 0.000904 0.000904 0.000904 0.000904 0.000000 

21
cell0016   0.000000 0.000020 0.000574 0.000707 0.000707 0.000707 0.000707 0.001229 0.001229 0.001229 0.001230 0.001230 0.001230 0.001230 0.001229 0.001228 0.001228 0.001229 0.001229 0.001229 0.000923 
cell0003   0.000020 0.000000 0.000574 0.000707 0.000707 0.000707 0.000707 0.001229 0.001229 0.001229 0.001230 0.001230 0.001230 0.001230 0.001229 0.001228 0.001228 0.001229 0.001229 0.001229 0.000923 
cell0019   0.000574 0.000574 0.000000 0.000707 0.000707 0.000707 0.000707 0.001229 0.001229 0.001229 0.001230 0.001230 0.001230 0.001230 0.001229 0.001228 0.001228 0.001229 0.001229 0.001229 0.000923 
cell0017   0.000707 0.000707 0.000707 0.000000 0.000238 0.000508 0.000508 0.001228 0.001228 0.001228 0.001229 0.001229 0.001229 0.001229 0.001228 0.001227 0.001227 0.001228 0.001228 0.001228 0.000922 
cell0002   0.000707 0.000707 0.000707 0.000238 0.000000 0.000508 0.000508 0.001228 0.001228 0.001228 0.001229 0.001229 0.001229 0.001229 0.001228 0.001227 0.001227 0.001228 0.001228 0.001228 0.000922 
cell0007   0.000707 0.000707 0.000707 0.000508 0.000508 0.000000 0.000102 0.001228 0.001228 0.001228 0.001229 0.001229 0.001229 0.001229 0.001228 0.001227 0.001227 0.001228 0.001228 0.001228 0.000922 
cell0015   0.000707 0.000707 0.000707 0.000508 0.000508 0.000102 0.000000 0.001228 0.001228 0.001228 0.001229 0.001229 0.001229 0.001229 0.001228 0.001227 0.001227 0.001228 0.001228 0.001228 0.000922 
cell0010   0.001229 0.001229 0.001229 0.001228 0.001228 0.001228 0.001228 0.000000 0.000004 0.000166 0.000343 0.000343 0.000343 0.000343 0.000556 0.000589 0.000589 0.000590 0.000590 0.000590 0.000922 
cell0013   0.001229 0.001229 0.001229 0.001228 0.001228 0.001228 0.001228 0.000004 0.000000 0.000166 0.000343 0.000343 0.000343 0.000343 0.000556 0.000589 0.000589 0.000590 0.000590 0.000590 0.000922 
cell0001   0.001229 0.001229 0.001229 0.001228 0.001228 0.001228 0.001228 0.000166 0.000166 0.000000 0.000343 0.000343 0.000343 0.000343 0.000556 0.000589 0.000589 0.000590 0.000590 0.000590 0.000922 
cell0009   0.001230 0.001230 0.001230 0.001229 0.001229 0.001229 0.001229 0.000343 0.000343 0.000343 0.000000 0.000054 0.000134 0.000134 0.000557 0.000590 0.000590 0.000591 0.000591 0.000591 0.000923 
cell0008   0.001230 0.001230 0.001230 0.001229 0.001229 0.001229 0.001229 0.000343 0.000343 0.000343 0.000054 0.000000 0.000134 0.000134 0.000557 0.000590 0.000590 0.000591 0.000591 0.000591 0.000923 
cell0005   0.001230 0.001230 0.001230 0.001229 0.001229 0.001229 0.001229 0.000343 0.000343 0.000343 0.000134 0.000134 0.000000 0.000110 0.000557 0.000590 0.000590 0.000591 0.000591 0.000591 0.000923 
cell0004   0.001230 0.001230 0.001230 0.001229 0.001229 0.001229 0.001229 0.000343 0.000343 0.000343 0.000134 0.000134 0.000110 0.000000 0.000557 0.000590 0.000590 0.000591 0.000591 0.000591 0.000923 
cell0006   0.001229 0.001229 0.001229 0.001228 0.001228 0.001228 0.001228 0.000556 0.000556 0.000556 0.000557 0.000557 0.000557 0.000557 0.000000 0.000589 0.000589 0.000590 0.000590 0.000590 0.000922 
cell0018   0.001228 0.001228 0.001228 0.001227 0.001227 0.001227 0.001227 0.000589 0.000589 0.000589 0.000590 0.000590 0.000590 0.000590 0.000589 0.000000 0.000038 0.000073 0.000081 0.000507 0.000921 
cell0012   0.001228 0.001228 0.001228 0.001227 0.001227 0.001227 0.001227 0.000589 0.000589 0.000589 0.000590 0.000590 0.000590 0.000590 0.000589 0.000038 0.000000 0.000073 0.000081 0.000507 0.000921 
cell0014   0.001229 0.001229 0.001229 0.001228 0.001228 0.001228 0.001228 0.000590 0.000590 0.000590 0.000591 0.000591 0.000591 0.000591 0.000590 0.000073 0.000073 0.000000 0.000082 0.000508 0.000922 
cell0011   0.001229 0.001229 0.001229 0.001228 0.001228 0.001228 0.001228 0.000590 0.000590 0.000590 0.000591 0.000591 0.000591 0.000591 0.000590 0.000081 0.000081 0.000082 0.000000 0.000508 0.000922 
cell0020   0.001229 0.001229 0.001229 0.001228 0.001228 0.001228 0.001228 0.000590 0.000590 0.000590 0.000591 0.000591 0.000591 0.000591 0.000590 0.000507 0.000507 0.000508 0.000508 0.000000 0.000922 
outgcell   0.000923 0.000923 0.000923 0.000922 0.000922 0.000922 0.000922 0.000922 0.000922 0.000922 0.000923 0.000923 0.000923 0.000923 0.000922 0.000921 0.000921 0.000922 0.000922 0.000922 0.000000 

21
cell0003   0.000000 0.000062 0.001605 0.001605 0.001980 0.001980 0.001980 0.001980 0.001980 0.001980 0.001980 0.001980 0.001980 0.001979 0.001979 0.001979 0.001979 0.001979 0.004672 0.004672 0.003504 
cell0017   0.000062 0.000000 0.001605 0.001605 0.001980 0.001980 0.001980 0.001980 0.001980 0.001980 0.001980 0.001980 0.001980 0.001979 0.001979 0.001979 0.001979 0.001979 0.004672 0.004672 0.003504 
cell0020   0.001605 0.001605 0.000000 0.000260 0.001979 0.001979 0.001979 0.001979 0.001979 0.001979 0.001979 0.001979 0.001979 0.001978 0.001978 0.001978 0.001978 0.001978 0.004671 0.004671 0.003503 
cell0008   0.001605 0.001605 0.000260 0.000000 0.001979 0.001979 0.001979 0.001979 0.001979 0.001979 0.001979 0.001979 0.001979 0.001978 0.001978 0.001978 0.001978 0.001978 0.004671 0.004671 0.003503 
cell0002   0.001980 0.001980 0.001979 0.001979 0.000000 0.000024 0.000184 0.000252 0.000252 0.000252 0.000314 0.000314 0.000314 0.000839 0.000839 0.000839 0.000839 0.000839 0.004672 0.004672 0.003504 
cell0012   0.001980 0.001980 0.001979 0.001979 0.000024 0.000000 0.000184 0.000252 0.000252 0.000252 0.000314 0.000314 0.000314 0.000839 0.000839 0.000839 0.000839 0.000839 0.004672 0.004672 0.003504 
cell0011   0.001980 0.001980 0.001979 0.001979 0.000184 0.000184 0.000000 0.000252 0.000252 0.000252 0.000314 0.000314 0.000314 0.000839 0.000839 0.000839 0.000839 0.000839 0.004672 0.004672 0.003504 
cell0010   0.001980 0.001980 0.001979 0.001979 0.000252 0.000252 0.000252 0.000000 0.000048 0.000126 0.000314 0.000314 0.000314 0.000839 0.000839 0.000839 0.000839 0.000839 0.004672 0.004672 0.003504 
cell0015   0.001980 0.001980 0.001979 0.001979 0.000252 0.000252 0.000252 0.000048 0.000000 0.000126 0.000314 0.000314 0.000314 0.000839 0.000839 0.000839 0.000839 0.000839 0.004672 0.004672 0.003504 
cell0007   0.001980 0.001980 0.001979 0.001979 0.000252 0.000252 0.000252 0.000126 0.000126 0.000000 0.000314 0.000314 0.000314 0.000839 0.000839 0.000839 0.000839 0.000839 0.004672 0.004672 0.003504 
cell0005   0.001980 0.001980 0.001979 0.001979 0.000314 0.000314 0.000314 0.000314 0.000314 0.000314 0.000000 0.000084 0.000118 0.000839 0.000839 0.000839 0.000839 0.000839 0.004672 0.004672 0.003504 
cell0006   0.001980 0.001980 0.001979 0.001979 0.000314 0.000314 0.000314 0.000314 0.000314 0.000314 0.000084 0.000000 0.000118 0.000839 0.000839 0.000839 0.000839 0.000839 0.004672 0.004672 0.003504 
cell0016   0.001980 0.001980 0.001979 0.001979 0.000314 0.000314 0.000314 0.000314 0.000314 0.000314 0.000118 0.000118 0.000000 0.000839 0.000839 0.000839 0.000839 0.000839 0.004672 0.004672 0.003504 
cell0014   0.001979 0.001979 0.001978 0.001978 0.000839 0.000839 0.000839 0.000839 0.000839 0.000839 0.000839 0.000839 0.000839 0.000000 0.000368 0.000776 0.000776 0.000776 0.004671 0.004671 0.003503 
cell0018   0.001979 0.001979 0.001978 0.001978 0.000839 0.000839 0.000839 0.000839 0.000839 0.000839 0.000839 0.000839 0.000839 0.000368 0.000000 0.000776 0.000776 0.000776 0.004671 0.004671 0.003503 
cell0001   0.001979 0.001979 0.001978 0.001978 0.000839 0.000839 0.000839 0.000839 0.000839 0.000839 0.000839 0.000839 0.000839 0.000776 0.000776 0.000000 0.000040 0.000040 0.004671 0.004671 0.003503 
cell0004   0.001979 0.001979 0.001978 0.001978 0.000839 0.000839 0.000839 0.000839 0.000839 0.000839 0.000839 0.000839 0.000839 0.000776 0.000776 0.000040 0.000000 0.000040 0.004671 0.004671 0.003503 
cell0013   0.001979 0.001979 0.001978 0.001978 0.000839 0.000839 0.000839 0.000839 0.000839 0.000839 0.000839 0.000839 0.000839 0.000776 0.000776 0.000040 0.000040 0.000000 0.004671 0.004671 0.003503 
cell0009   0.004672 0.004672 0.004671 0.004671 0.004672 0.004672 0.004672 0.004672 0.004672 0.004672 0.004672 0.004672 0.004672 0.004671 0.004671 0.004671 0.004671 0.004671 0.000000 0.000374 0.003504 
cell0019   0.004672 0.004672 0.004671 0.004671 0.004672 0.004672 0.004672 0.004672 0.004672 0.004672 0.004672 0.004672 0.004672 0.004671 0.004671 0.004671 0.004671 0.004671 0.000374 0.000000 0.003504 
outgcell   0.003504 0.003504 0.003503 0.003503 0.003504 0.003504 0.003504 0.003504 0.003504 0.003504 0.003504 0.003504 0.003504 0.003503 0.003503 0.003503 0.003503 0.003503 0.003504 0.003504 0.000000 

21
cell0007   0.000000 0.000384 0.000604 0.000604 0.000604 0.001367 0.001367 0.001367 0.001367 0.001367 0.001367 0.001367 0.001367 0.001367 0.001367 0.001367 0.001366 0.001366 0.001466 0.001466 0.001100 
cell0017   0.000384 0.000000 0.000604 0.000604 0.000604 0.001367 0.001367 0.001367 0.001367 0.001367 0.001367 0.001367 0.001367 0.001367 0.001367 0.001367 0.001366 0.001366 0.001466 0.001466 0.001100 
cell0018   0.000604 0.000604 0.000000 0.000028 0.000488 0.001367 0.001367 0.001367 0.001367 0.001367 0.001367 0.001367 0.001367 0.001367 0.001367 0.001367 0.001366 0.001366 0.001466 0.001466 0.001100 
cell0001   0.000604 0.000604 0.000028 0.000000 0.000488 0.001367 0.001367 0.001367 0.001367 0.001367 0.001367 0.001367 0.001367 0.001367 0.001367 0.001367 0.001366 0.001366 0.001466 0.001466 0.001100 
cell0013   0.000604 0.000604 0.000488 0.000488 0.000000 0.001367 0.001367 0.001367 0.001367 0.001367 0.001367 0.001367 0.001367 0.001367 0.001367 0.001367 0.001366 0.001366 0.001466 0.001466 0.001100 
cell0011   0.001367 0.001367 0.001367 0.001367 0.001367 0.000000 0.000058 0.000066 0.000308 0.000308 0.000308 0.000456 0.000456 0.000456 0.000456 0.000542 0.000561 0.000561 0.001467 0.001467 0.001101 
cell0010   0.001367 0.001367 0.001367 0.001367 0.001367 0.000058 0.000000 0.000066 0.000308 0.000308 0.000308 0.000456 0.000456 0.000456 0.000456 0.000542 0.000561 0.000561 0.001467 0.001467 0.001101 
cell0012   0.001367 0.001367 0.001367 0.001367 0.001367 0.000066 0.000066 0.000000 0.000308 0.000308 0.000308 0.000456 0.000456 0.000456 0.000456 0.000542 0.000561 0.000561 0.001467 0.001467 0.001101 
cell0020   0.001367 0.001367 0.001367 0.001367 0.001367 0.000308 0.000308 0.000308 0.000000 0.000022 0.000190 0.000456 0.000456 0.000456 0.000456 0.000542 0.000561 0.000561 0.001467 0.001467 0.001101 
cell0009   0.001367 0.001367 0.001367 0.001367 0.001367 0.000308 0.000308 0.000308 0.000022 0.000000 0.000190 0.000456 0.000456 0.000456 0.000456 0.000542 0.000561 0.000561 0.001467 0.001467 0.001101 
cell0008   0.001367 0.001367 0.001367 0.001367 0.001367 0.000308 0.000308 0.000308 0.000190 0.000190 0.000000 0.000456 0.000456 0.000456 0.000456 0.000542 0.000561 0.000561 0.001467 0.001467 0.001101 
cell0016   0.001367 0.001367 0.001367 0.001367 0.001367 0.000456 0.000456 0.000456 0.000456 0.000456 0.000456 0.000000 0.000050 0.000268 0.000268 0.000542 0.000561 0.000561 0.001467 0.001467 0.001101 
cell0003   0.001367 0.001367 0.001367 0.001367 0.001367 0.000456 0.000456 0.000456 0.000456 0.000456 0.000456 0.000050 0.000000 0.000268 0.000268 0.000542 0.000561 0.000561 0.001467 0.001467 0.001101 
cell0005   0.001367 0.001367 0.001367 0.001367 0.001367 0.000456 0.000456 0.000456 0.000456 0.000456 0.000456 0.000268 0.000268 0.000000 0.000004 0.000542 0.000561 0.000561 0.001467 0.001467 0.001101 
cell0002   0.001367 0.001367 0.001367 0.001367 0.001367 0.000456 0.000456 0.000456 0.000456 0.000456 0.000456 0.000268 0.000268 0.000004 0.000000 0.000542 0.000561 0.000561 0.001467 0.001467 0.001101 
cell0019   0.001367 0.001367 0.001367 0.001367 0.001367 0.000542 0.000542 0.000542 0.000542 0.000542 0.000542 0.000542 0.000542 0.000542 0.000542 0.000000 0.000561 0.000561 0.001467 0.001467 0.001101 
cell0006   0.001366 0.001366 0.001366 0.001366 0.001366 0.000561 0.000561 0.000561 0.000561 0.000561 0.000561 0.000561 0.000561 0.000561 0.000561 0.000561 0.000000 0.000338 0.001466 0.001466 0.001100 
cell0004   0.001366 0.001366 0.001366 0.001366 0.001366 0.000561 0.000561 0.000561 0.000561 0.000561 0.000561 0.000561 0.000561 0.000561 0.000561 0.000561 0.000338 0.000000 0.001466 0.001466 0.001100 
cell0015   0.001466 0.001466 0.001466 0.001466 0.001466 0.001467 0.001467 0.001467 0.001467 0.001467 0.001467 0.001467 0.001467 0.001467 0.001467 0.001467 0.001466 0.001466 0.000000 0.000060 0.001100 
cell0014   0.001466 0.001466 0.001466 0.001466 0.001466 0.001467 0.001467 0.001467 0.001467 0.001467 0.001467 0.001467 0.001467 0.001467 0.001467 0.001467 0.001466 0.001466 0.000060 0.000000 0.001100 
outgcell   0.001100 0.001100 0.001100 0.001100 0.001100 0.001101 0.001101 0.001101 0.001101 0.001101 0.001101 0.001101 0.001101 0.001101 0.001101 0.001101 0.001100 0.001100 0.001100 0.001100 0.000000 

21
cell0015   0.000000 0.000340 0.000376 0.000496 0.000496 0.000496 0.000496 0.000496 0.000496 0.000900 0.000978 0.000978 0.001685 0.001685 0.001685 0.001685 0.001685 0.001685 0.001686 0.001685 0.001265 
cell0012   0.000340 0.000000 0.000376 0.000496 0.000496 0.000496 0.000496 0.000496 0.000496 0.000900 0.000978 0.000978 0.001685 0.001685 0.001685 0.001685 0.001685 0.001685 0.001686 0.001685 0.001265 
cell0001   0.000376 0.000376 0.000000 0.000496 0.000496 0.000496 0.000496 0.000496 0.000496 0.000900 0.000978 0.000978 0.001685 0.001685 0.001685 0.001685 0.001685 0.001685 0.001686 0.001685 0.001265 
cell0020   0.000496 0.000496 0.000496 0.000000 0.000014 0.000100 0.000100 0.000100 0.000216 0.000900 0.000978 0.000978 0.001685 0.001685 0.001685 0.001685 0.001685 0.001685 0.001686 0.001685 0.001265 
cell0013   0.000496 0.000496 0.000496 0.000014 0.000000 0.000100 0.000100 0.000100 0.000216 0.000900 0.000978 0.000978 0.001685 0.001685 0.001685 0.001685 0.001685 0.001685 0.001686 0.001685 0.001265 
cell0004   0.000496 0.000496 0.000496 0.000100 0.000100 0.000000 0.000070 0.000098 0.000216 0.000900 0.000978 0.000978 0.001685 0.001685 0.001685 0.001685 0.001685 0.001685 0.001686 0.001685 0.001265 
cell0005   0.000496 0.000496 0.000496 0.000100 0.000100 0.000070 0.000000 0.000098 0.000216 0.000900 0.000978 0.000978 0.001685 0.001685 0.001685 0.001685 0.001685 0.001685 0.001686 0.001685 0.001265 
cell0016   0.000496 0.000496 0.000496 0.000100 0.000100 0.000098 0.000098 0.000000 0.000216 0.000900 0.000978 0.000978 0.001685 0.001685 0.001685 0.001685 0.001685 0.001685 0.001686 0.001685 0.001265 
cell0007   0.000496 0.000496 0.000496 0.000216 0.000216 0.000216 0.000216 0.000216 0.000000 0.000900 0.000978 0.000978 0.001685 0.001685 0.001685 0.001685 0.001685 0.001685 0.001686 0.001685 0.001265 
cell0011   0.000900 0.000900 0.000900 0.000900 0.000900 0.000900 0.000900 0.000900 0.000900 0.000000 0.000978 0.000978 0.001685 0.001685 0.001685 0.001685 0.001685 0.001685 0.001686 0.001685 0.001265 
cell0014   0.000978 0.000978 0.000978 0.000978 0.000978 0.000978 0.000978 0.000978 0.000978 0.000978 0.000000 0.000168 0.001685 0.001685 0.001685 0.001685 0.001685 0.001685 0.001686 0.001685 0.001265 
cell0006   0.000978 0.000978 0.000978 0.000978 0.000978 0.000978 0.000978 0.000978 0.000978 0.000978 0.000168 0.000000 0.001685 0.001685 0.001685 0.001685 0.001685 0.001685 0.001686 0.001685 0.001265 
cell0019   0.001685 0.001685 0.001685 0.001685 0.001685 0.001685 0.001685 0.001685 0.001685 0.001685 0.001685 0.001685 0.000000 0.000270 0.001002 0.001002 0.001002 0.001002 0.001003 0.001002 0.001264 
cell0018   0.001685 0.001685 0.001685 0.001685 0.001685 0.001685 0.001685 0.001685 0.001685 0.001685 0.001685 0.001685 0.000270 0.000000 0.001002 0.001002 0.001002 0.001002 0.001003 0.001002 0.001264 
cell0009   0.001685 0.001685 0.001685 0.001685 0.001685 0.001685 0.001685 0.001685 0.001685 0.001685 0.001685 0.001685 0.001002 0.001002 0.000000 0.000116 0.000148 0.000162 0.000273 0.000706 0.001264 
cell0003   0.001685 0.001685 0.001685 0.001685 0.001685 0.001685 0.001685 0.001685 0.001685 0.001685 0.001685 0.001685 0.001002 0.001002 0.000116 0.000000 0.000148 0.000162 0.000273 0.000706 0.001264 
cell0008   0.001685 0.001685 0.001685 0.001685 0.001685 0.001685 0.001685 0.001685 0.001685 0.001685 0.001685 0.001685 0.001002 0.001002 0.000148 0.000148 0.000000 0.000162 0.000273 0.000706 0.001264 
cell0002   0.001685 0.001685 0.001685 0.001685 0.001685 0.001685 0.001685 0.001685 0.001685 0.001685 0.001685 0.001685 0.001002 0.001002 0.000162 0.000162 0.000162 0.000000 0.000273 0.000706 0.001264 
cell0017   0.001686 0.001686 0.001686 0.001686 0.001686 0.001686 0.001686 0.001686 0.001686 0.001686 0.001686 0.001686 0.001003 0.001003 0.000273 0.000273 0.000273 0.000273 0.000000 0.000707 0.001265 
cell0010   0.001685 0.001685 0.001685 0.001685 0.001685 0.001685 0.001685 0.001685 0.001685 0.001685 0.001685 0.001685 0.001002 0.001002 0.000706 0.000706 0.000706 0.000706 0.000707 0.000000 0.001264 
outgcell   0.001265 0.001265 0.001265 0.001265 0.001265 0.001265 0.001265 0.001265 0.001265 0.001265 0.001265 0.001265 0.001264 0.001264 0.001264 0.001264 0.001264 0.001264 0.001265 0.001264 0.000000 
